0
0
0
1.95156391047391e-18
1.30104260698261e-18
0
0
0
0
0
0
0
0
0
0
0
-3.46944695195361e-18
0
0
-3.46944695195361e-18
0
0
-1.73472347597681e-18
0
0
-1.21430643318376e-17
-8.67361737988403e-18
1.73472347597681e-18
0
0
-8.67361737988403e-19
-4.33680868994201e-18
9.54097911787243e-18
-3.46944695195361e-18
-4.33680868994201e-18
0
0
-9.54097911787243e-18
-6.07153216591882e-18
-1.73472347597681e-18
-1.73472347597681e-18
0
0
3.46944695195361e-18
-8.67361737988403e-19
1.3010426069826e-18
-4.33680868994201e-19
0
0
0
0
0
0.00092335549267895
0.0016467109853579
0.00224912641137886
0.00276778157076784
0.00322302704281559
0.00362739901561312
0.00398931857643302
0.00431480793455448
0.00460837544551719
0.00487351325052104
0.00511299713337254
0.00532907743924242
0.00552360612781501
0.00569812440756906
0.00585392497269
0.0059920972700171
0.00611356106471591
0.00621909171002597
0.00630933938465255
0.00638484383782635
0.00644604570937021
0.00649329517434093
0.00652685844202095
0.0065469224823095
0.0065535982367839
0.00654692248230949
0.00652685844202093
0.00649329517434091
0.00644604570937017
0.00638484383782632
0.00630933938465252
0.00621909171002594
0.00611356106471588
0.00599209727001706
0.00585392497268997
0.00569812440756903
0.00552360612781498
0.0053290774392424
0.00511299713337252
0.00487351325052103
0.00460837544551718
0.00431480793455448
0.00398931857643303
0.00362739901561312
0.00322302704281559
0.00276778157076784
0.00224912641137886
0.0016467109853579
0.000923355492678953
0
0
0.0016467109853579
0.0030143620373738
0.00418201308938969
0.00519897282887691
0.00609692758488139
0.00689725044320387
0.0076150673555645
0.00826153771626771
0.00884518059699323
0.00937268042319445
0.00984939784372668
0.0102797064957821
0.0106672226644485
0.0110149665297712
0.0113254782131739
0.0116009030426625
0.0118430552788206
0.0120534663907354
0.0122334219907579
0.0123839902572827
0.0125060438253135
0.0126002765459726
0.0126672161114334
0.0127072332504331
0.0127205479825166
0.0127072332504331
0.0126672161114333
0.0126002765459725
0.0125060438253135
0.0123839902572826
0.0122334219907578
0.0120534663907354
0.0118430552788205
0.0116009030426624
0.0113254782131738
0.0110149665297712
0.0106672226644485
0.0102797064957821
0.00984939784372665
0.00937268042319442
0.00884518059699321
0.00826153771626771
0.0076150673555645
0.00689725044320387
0.00609692758488141
0.00519897282887692
0.0041820130893897
0.0030143620373738
0.00164671098535791
0
1.73472347597681e-18
0.00224912641137886
0.00418201308938969
0.00586559107992921
0.00734916907046872
0.00866846002462922
0.00984960781675644
0.0109121626863534
0.0118710949779586
0.0127381288029936
0.0135226300015369
0.0142322073225576
0.014873128035711
0.0154506115044258
0.0159690408338935
0.0164321183075717
0.0168429814086384
0.0172042906171685
0.0175182965833373
0.0177868919303609
0.0180116513752328
0.0181938627886287
0.0183345510728025
0.0184344962073068
0.0184942464254731
0.0185141271924164
0.018494246425473
0.0184344962073067
0.0183345510728025
0.0181938627886286
0.0180116513752327
0.0177868919303608
0.0175182965833372
0.0172042906171684
0.0168429814086383
0.0164321183075716
0.0159690408338934
0.0154506115044257
0.0148731280357109
0.0142322073225575
0.0135226300015368
0.0127381288029935
0.0118710949779586
0.0109121626863534
0.00984960781675646
0.00866846002462924
0.00734916907046873
0.00586559107992922
0.0041820130893897
0.00224912641137886
0
1.73472347597681e-18
0.00276778157076784
0.00519897282887691
0.00734916907046872
0.00926365234843953
0.0109781356264104
0.0125205581128393
0.013912880595134
0.0151725507062198
0.0163136096354855
0.0173475034574018
0.0182836734092558
0.0191299868200784
0.0198930544836502
0.0205784669938052
0.0211909727745811
0.0217346136671508
0.0222128291978778
0.0226285373950844
0.0229841977721157
0.023281860524659
0.023523204881166
0.0237095687493022
0.0238419712195181
0.0239211290517359
0.023947467936203
0.0239211290517359
0.023841971219518
0.023709568749302
0.0235232048811658
0.0232818605246589
0.0229841977721156
0.0226285373950842
0.0222128291978776
0.0217346136671507
0.021190972774581
0.0205784669938051
0.0198930544836501
0.0191299868200783
0.0182836734092558
0.0173475034574018
0.0163136096354856
0.0151725507062199
0.013912880595134
0.0125205581128393
0.0109781356264104
0.00926365234843955
0.00734916907046873
0.00519897282887692
0.00276778157076784
0
0
0.00322302704281558
0.00609692758488139
0.00866846002462922
0.0109781356264103
0.0130598720197334
0.0149416084130564
0.0166462508751235
0.0181926176163012
0.019596255575327
0.0208701007833289
0.0220249960369856
0.0230700913516964
0.0240131526162914
0.024860799883096
0.0256186921297967
0.026291671287506
0.0268838751121074
0.0273988260270066
0.0278395012383585
0.0282083880701216
0.0285075274620739
0.028738547823722
0.0289026908697275
0.0290008306257495
0.0290334864489238
0.0290008306257495
0.0289026908697274
0.0287385478237218
0.0285075274620738
0.0282083880701215
0.0278395012383584
0.0273988260270065
0.0268838751121073
0.0262916712875058
0.0256186921297966
0.0248607998830959
0.0240131526162913
0.0230700913516963
0.0220249960369856
0.0208701007833289
0.019596255575327
0.0181926176163012
0.0166462508751236
0.0149416084130564
0.0130598720197334
0.0109781356264104
0.00866846002462924
0.00609692758488141
0.00322302704281559
0
0
0.00362739901561311
0.00689725044320385
0.00984960781675643
0.0125205581128393
0.0149416084130563
0.0171397526445294
0.0191378968760024
0.0209554133085345
0.0226086942661923
0.0241116480636013
0.0254761186036612
0.0267122299334302
0.027828664746723
0.0288328877924906
0.0297313245740037
0.0305295042409689
0.0312321739360392
0.0318433903624763
0.0323665930841901
0.0328046630553949
0.033159969073286
0.0334344042137844
0.0336294138099204
0.0337460161326108
0.0337848166079933
0.0337460161326108
0.0336294138099203
0.0334344042137843
0.0331599690732858
0.0328046630553947
0.0323665930841899
0.0318433903624762
0.031232173936039
0.0305295042409688
0.0297313245740036
0.0288328877924905
0.027828664746723
0.0267122299334301
0.0254761186036612
0.0241116480636013
0.0226086942661923
0.0209554133085345
0.0191378968760025
0.0171397526445294
0.0149416084130564
0.0125205581128393
0.00984960781675644
0.00689725044320387
0.00362739901561312
0
0
0.00398931857643301
0.00761506735556448
0.0109121626863534
0.013912880595134
0.0166462508751235
0.0191378968760024
0.0214101706758222
0.023482444475642
0.0253714601173063
0.0270916786012228
0.0286556003806279
0.0300740450316401
0.0313563886446799
0.0325107619661398
0.0335442141327586
0.0344628471663267
0.0352719260286041
0.0359759684026693
0.0365788176805305
0.0370837019939819
0.0374932815618907
0.0378096861482093
0.0380345440235588
0.03816900348678
0.0382137477178279
0.03816900348678
0.0380345440235586
0.0378096861482091
0.0374932815618905
0.0370837019939817
0.0365788176805304
0.0359759684026691
0.035271926028604
0.0344628471663266
0.0335442141327586
0.0325107619661398
0.0313563886446799
0.03007404503164
0.0286556003806279
0.0270916786012228
0.0253714601173065
0.0234824444756422
0.0214101706758223
0.0191378968760025
0.0166462508751235
0.013912880595134
0.0109121626863534
0.00761506735556451
0.00398931857643303
0
0
0.00431480793455446
0.00826153771626767
0.0118710949779586
0.0151725507062198
0.0181926176163012
0.0209554133085344
0.023482444475642
0.0257927338009051
0.0279030231261683
0.0298280058433556
0.0315805592859873
0.0331719611678223
0.0346120828342168
0.0359095572946299
0.0370719228245643
0.0381057442629753
0.0390167146093813
0.0398097395390661
0.0404890072412808
0.0410580456781115
0.0415197690320856
0.0418765147936031
0.0421300726493253
0.0422817060731227
0.0423321672897581
0.0422817060731227
0.0421300726493253
0.041876514793603
0.0415197690320855
0.0410580456781114
0.0404890072412807
0.039809739539066
0.0390167146093812
0.0381057442629752
0.0370719228245643
0.03590955729463
0.0346120828342168
0.0331719611678224
0.0315805592859874
0.0298280058433558
0.0279030231261685
0.0257927338009054
0.0234824444756422
0.0209554133085346
0.0181926176163012
0.0151725507062199
0.0118710949779586
0.00826153771626773
0.00431480793455449
0
0
0.00460837544551716
0.00884518059699318
0.0127381288029935
0.0163136096354855
0.0195962555753269
0.0226086942661922
0.0253714601173063
0.0279030231261683
0.0302198927431061
0.032336762360044
0.0342666697521435
0.0360211575194451
0.0376104242297349
0.0390434615535989
0.0403281756078934
0.0414714924516287
0.0424794486068798
0.0433572679029329
0.0441094260674153
0.0447397044450977
0.0452512340947371
0.0456465313447923
0.0459275257070167
0.0460955808666273
0.0461515092949593
0.0460955808666273
0.0459275257070167
0.0456465313447922
0.045251234094737
0.0447397044450976
0.0441094260674151
0.0433572679029328
0.0424794486068797
0.0414714924516287
0.0403281756078934
0.0390434615535989
0.037610424229735
0.0360211575194452
0.0342666697521437
0.0323367623600442
0.0302198927431064
0.0279030231261685
0.0253714601173065
0.0226086942661924
0.019596255575327
0.0163136096354856
0.0127381288029936
0.00884518059699325
0.0046083754455172
0
0
0.00487351325052102
0.0093726804231944
0.0135226300015368
0.0173475034574017
0.0208701007833288
0.0241116480636012
0.0270916786012227
0.0298280058433555
0.032336762360044
0.0346324811015708
0.0367281998430977
0.0386355749280795
0.040364995011679
0.0419256890821374
0.0433258256017817
0.0445726013287666
0.0456723194635762
0.0466304573983705
0.0474517246803496
0.048140111940127
0.0486989315569729
0.0491308507838124
0.049437917967322
0.0496215823914107
0.0496827081568243
0.0496215823914106
0.0494379179673219
0.0491308507838123
0.0486989315569727
0.0481401119401268
0.0474517246803493
0.0466304573983703
0.045672319463576
0.0445726013287665
0.0433258256017817
0.0419256890821375
0.0403649950116792
0.0386355749280797
0.0367281998430979
0.0346324811015711
0.0323367623600443
0.0298280058433559
0.027091678601223
0.0241116480636015
0.020870100783329
0.0173475034574018
0.0135226300015369
0.00937268042319448
0.00487351325052106
0
0
0.00511299713337251
0.00984939784372663
0.0142322073225575
0.0182836734092557
0.0220249960369855
0.0254761186036611
0.0286556003806277
0.0315805592859872
0.0342666697521435
0.0367281998430977
0.0389780735905969
0.0410279473380962
0.0428882918067643
0.0445684741614901
0.0460768363883294
0.0474207677980797
0.0486067705202876
0.0496405175466235
0.0505269033154854
0.0512700870780878
0.0518735294092152
0.0523400222661624
0.0526717129870483
0.0528701225748691
0.0529361585495169
0.052870122574869
0.0526717129870482
0.0523400222661622
0.0518735294092149
0.0512700870780875
0.0505269033154852
0.0496405175466233
0.0486067705202875
0.0474207677980797
0.0460768363883294
0.0445684741614902
0.0428882918067645
0.0410279473380964
0.0389780735905972
0.036728199843098
0.0342666697521438
0.0315805592859876
0.0286556003806281
0.0254761186036614
0.0220249960369857
0.0182836734092559
0.0142322073225576
0.00984939784372672
0.00511299713337255
0
0
0.0053290774392424
0.0102797064957821
0.0148731280357109
0.0191299868200782
0.0230700913516963
0.02671222993343
0.0300740450316399
0.0331719611678222
0.036021157519445
0.0386355749280795
0.0410279473380962
0.0432098490269441
0.045191750715792
0.0469830793687292
0.048592277991966
0.0500268629549354
0.0512934772728711
0.0523979389523503
0.0533452839568809
0.0541398036475234
0.0547850767356375
0.0552839958845737
0.0556387891398399
0.0558510363715003
0.0559216808915051
0.0558510363715002
0.0556387891398398
0.0552839958845735
0.0547850767356373
0.0541398036475232
0.0533452839568808
0.0523979389523502
0.051293477272871
0.0500268629549354
0.0485922779919661
0.0469830793687293
0.0451917507157922
0.0432098490269444
0.0410279473380965
0.0386355749280798
0.0360211575194453
0.0331719611678226
0.0300740450316403
0.0267122299334303
0.0230700913516965
0.0191299868200784
0.014873128035711
0.0102797064957822
0.00532907743924244
0
0
0.00552360612781499
0.0106672226644485
0.0154506115044257
0.0198930544836501
0.0240131526162913
0.0278286647467229
0.0313563886446798
0.0346120828342167
0.0376104242297349
0.040364995011679
0.0428882918067644
0.045191750715792
0.0472857826607304
0.0491798146056687
0.0508823332558702
0.0524009287568246
0.053742336663911
0.0549124770330256
0.0559164899121646
0.0567587668194876
0.0574429780012376
0.057972095396655
0.0583484113162372
0.0585735528797871
0.058648492273503
0.0585735528797871
0.0583484113162371
0.057972095396655
0.0574429780012375
0.0567587668194875
0.0559164899121645
0.0549124770330256
0.0537423366639111
0.0524009287568246
0.0508823332558703
0.0491798146056689
0.0472857826607306
0.0451917507157923
0.0428882918067646
0.0403649950116794
0.0376104242297353
0.034612082834217
0.0313563886446801
0.0278286647467231
0.0240131526162915
0.0198930544836502
0.0154506115044258
0.0106672226644486
0.00552360612781502
0
0
0.00569812440756904
0.0110149665297712
0.0159690408338934
0.0205784669938051
0.0248607998830959
0.0288328877924905
0.0325107619661397
0.0359095572946299
0.0390434615535988
0.0419256890821374
0.0445684741614901
0.0469830793687292
0.0491798146056687
0.0511680631373452
0.0529563116690217
0.0545521821525817
0.0559624635929229
0.0571931426036767
0.058249431839264
0.0591357957170248
0.0598559730531703
0.0604129963845717
0.0608092078486667
0.0610462715579081
0.0611251824429328
0.0610462715579081
0.0608092078486667
0.0604129963845717
0.0598559730531703
0.0591357957170247
0.058249431839264
0.0571931426036767
0.055962463592923
0.0545521821525818
0.0529563116690218
0.0511680631373454
0.049179814605669
0.0469830793687295
0.0445684741614904
0.0419256890821377
0.0390434615535992
0.0359095572946302
0.03251076196614
0.0288328877924908
0.0248607998830961
0.0205784669938052
0.0159690408338935
0.0110149665297713
0.00569812440756908
0
0
0.00585392497268998
0.0113254782131738
0.0164321183075716
0.021190972774581
0.0256186921297965
0.0297313245740036
0.0335442141327585
0.0370719228245642
0.0403281756078933
0.0433258256017816
0.0460768363883293
0.048592277991966
0.0508823332558703
0.0529563116690216
0.0548226681302896
0.0564890245915575
0.0579621929515224
0.059248197949494
0.0603522991241901
0.061279011156177
0.0620321221098473
0.0626147092397948
0.06302915213595
0.0632771430602456
0.0633596943824118
0.0632771430602456
0.06302915213595
0.0626147092397947
0.0620321221098472
0.061279011156177
0.0603522991241902
0.0592481979494942
0.0579621929515225
0.0564890245915576
0.0548226681302897
0.0529563116690219
0.0508823332558705
0.0485922779919663
0.0460768363883296
0.043325825601782
0.0403281756078937
0.0370719228245645
0.0335442141327588
0.0297313245740038
0.0256186921297968
0.0211909727745812
0.0164321183075717
0.0113254782131739
0.00585392497269002
0
0
0.00599209727001708
0.0116009030426624
0.0168429814086383
0.0217346136671507
0.0262916712875058
0.0305295042409688
0.0344628471663266
0.0381057442629752
0.0414714924516286
0.0445726013287664
0.0474207677980796
0.0500268629549353
0.0524009287568246
0.0545521821525816
0.0564890245915575
0.0582190551318363
0.059749085672115
0.0610851571185871
0.0622325555518253
0.063195827673646
0.0639787949902469
0.0645845663288102
0.065015548395093
0.0652734541647125
0.0653593089662234
0.0652734541647125
0.065015548395093
0.0645845663288101
0.0639787949902469
0.0631958276736461
0.0622325555518255
0.0610851571185873
0.0597490856721153
0.0582190551318364
0.0564890245915577
0.0545521821525819
0.0524009287568248
0.0500268629549356
0.04742076779808
0.0445726013287668
0.041471492451629
0.0381057442629755
0.0344628471663269
0.030529504240969
0.026291671287506
0.0217346136671509
0.0168429814086384
0.0116009030426625
0.00599209727001712
0
0
0.0061135610647159
0.0118430552788205
0.0172042906171684
0.0222128291978776
0.0268838751121072
0.031232173936039
0.035271926028604
0.0390167146093812
0.0424794486068796
0.045672319463576
0.0486067705202874
0.051293477272871
0.053742336663911
0.0559624635929229
0.0579621929515223
0.0597490856721151
0.0613299374865145
0.062710789300914
0.0638969382908782
0.0648929489963347
0.0657026638486841
0.066329212690106
0.0667750209508994
0.0670418162372879
0.0671306331530567
0.0670418162372879
0.0667750209508994
0.066329212690106
0.0657026638486842
0.0648929489963349
0.0638969382908784
0.0627107893009143
0.0613299374865148
0.0597490856721153
0.0579621929515226
0.0559624635929232
0.0537423366639113
0.0512934772728713
0.0486067705202879
0.0456723194635764
0.04247944860688
0.0390167146093815
0.0352719260286043
0.0312321739360393
0.0268838751121075
0.0222128291978778
0.0172042906171685
0.0118430552788206
0.00611356106471594
0
0
0.00621909171002597
0.0120534663907354
0.0175182965833372
0.0226285373950843
0.0273988260270065
0.0318433903624761
0.0359759684026691
0.0398097395390659
0.0433572679029327
0.0466304573983704
0.0496405175466233
0.0523979389523502
0.0549124770330256
0.0571931426036766
0.059248197949494
0.061085157118587
0.0627107893009139
0.0641311243076763
0.0653514593144386
0.0663763661721306
0.0672096987180491
0.0678545996320304
0.0683135064811105
0.0685881566804832
0.0686795911714277
0.0685881566804832
0.0683135064811105
0.0678545996320305
0.0672096987180492
0.0663763661721307
0.0653514593144388
0.0641311243076766
0.0627107893009143
0.0610851571185873
0.0592481979494943
0.0571931426036769
0.0549124770330259
0.0523979389523505
0.0496405175466237
0.0466304573983708
0.0433572679029332
0.0398097395390663
0.0359759684026694
0.0318433903624764
0.0273988260270067
0.0226285373950844
0.0175182965833373
0.0120534663907355
0.00621909171002601
0
3.46944695195361e-18
0.00630933938465255
0.0122334219907579
0.0177868919303609
0.0229841977721156
0.0278395012383584
0.0323665930841899
0.0365788176805303
0.0404890072412807
0.0441094260674151
0.0474517246803495
0.0505269033154854
0.0533452839568809
0.0559164899121645
0.0582494318392639
0.06035229912419
0.0622325555518252
0.0638969382908781
0.0653514593144386
0.0666014084870693
0.0676513576597001
0.068505165219351
0.0691659806388562
0.0696362486610289
0.0699177128321067
0.0700114181716877
0.0699177128321068
0.069636248661029
0.0691659806388563
0.0685051652193512
0.0676513576597002
0.0666014084870696
0.0653514593144389
0.0638969382908785
0.0622325555518256
0.0603522991241904
0.0582494318392643
0.0559164899121648
0.0533452839568812
0.0505269033154857
0.0474517246803498
0.0441094260674155
0.0404890072412811
0.0365788176805307
0.0323665930841902
0.0278395012383586
0.0229841977721158
0.017786891930361
0.012233421990758
0.0063093393846526
0
0
0.00638484383782635
0.0123839902572826
0.0180116513752328
0.023281860524659
0.0282083880701215
0.0328046630553947
0.0370837019939818
0.0410580456781114
0.0447397044450976
0.0481401119401269
0.0512700870780877
0.0541398036475234
0.0567587668194875
0.0591357957170246
0.0612790111561769
0.0631958276736459
0.0648929489963346
0.0663763661721306
0.0676513576597001
0.0687224907602494
0.0695936238607986
0.0702679090430145
0.0707477946920422
0.071035027815227
0.0711306558511096
0.0710350278152271
0.0707477946920423
0.0702679090430146
0.0695936238607989
0.0687224907602496
0.0676513576597003
0.0663763661721309
0.0648929489963351
0.0631958276736463
0.0612790111561773
0.059135795717025
0.0567587668194879
0.0541398036475237
0.051270087078088
0.0481401119401273
0.044739704445098
0.0410580456781118
0.0370837019939821
0.032804663055395
0.0282083880701217
0.0232818605246591
0.0180116513752329
0.0123839902572827
0.0063848438378264
0
0
0.00644604570937022
0.0125060438253135
0.0181938627886287
0.0235232048811659
0.0285075274620738
0.0331599690732859
0.0374932815618906
0.0415197690320855
0.0452512340947371
0.0486989315569728
0.0518735294092151
0.0547850767356375
0.0574429780012376
0.0598559730531702
0.0620321221098471
0.0639787949902467
0.065702663848684
0.0672096987180489
0.0685051652193509
0.0695936238607986
0.0704789304205797
0.0711642369803609
0.0716519932488984
0.0719439478856495
0.0720411496022966
0.0719439478856496
0.0716519932488986
0.0711642369803611
0.0704789304205801
0.0695936238607989
0.0685051652193513
0.0672096987180494
0.0657026638486845
0.0639787949902472
0.0620321221098475
0.0598559730531706
0.0574429780012379
0.0547850767356378
0.0518735294092154
0.0486989315569732
0.0452512340947374
0.0415197690320859
0.0374932815618909
0.0331599690732861
0.028507527462074
0.023523204881166
0.0181938627886288
0.0125060438253136
0.00644604570937026
0
0
0.00649329517434095
0.0126002765459726
0.0183345510728026
0.0237095687493021
0.0287385478237219
0.0334344042137843
0.0378096861482092
0.0418765147936031
0.0456465313447924
0.0491308507838124
0.0523400222661624
0.0552839958845737
0.0579720953966551
0.0604129963845717
0.0626147092397947
0.0645845663288101
0.0663292126901059
0.0678545996320303
0.0691659806388561
0.0702679090430144
0.0711642369803608
0.0718581152089509
0.072351993437541
0.0726476208761762
0.0727460467867779
0.0726476208761762
0.0723519934375412
0.0718581152089513
0.0711642369803613
0.0702679090430148
0.0691659806388565
0.0678545996320307
0.0663292126901063
0.0645845663288105
0.0626147092397951
0.0604129963845721
0.0579720953966554
0.0552839958845741
0.0523400222661627
0.0491308507838128
0.0456465313447927
0.0418765147936034
0.0378096861482095
0.0334344042137846
0.0287385478237221
0.0237095687493023
0.0183345510728026
0.0126002765459727
0.00649329517434099
0
0
0.00652685844202097
0.0126672161114334
0.0184344962073068
0.0238419712195181
0.0289026908697275
0.0336294138099204
0.0380345440235588
0.0421300726493254
0.0459275257070169
0.0494379179673221
0.0526717129870485
0.05563878913984
0.0583484113162373
0.0608092078486668
0.06302915213595
0.065015548395093
0.0667750209508993
0.0683135064811103
0.0696362486610288
0.0707477946920421
0.0716519932488984
0.072351993437541
0.0728502444161386
0.0731484953947362
0.0732477957924624
0.0731484953947363
0.0728502444161388
0.0723519934375413
0.0716519932488988
0.0707477946920425
0.0696362486610292
0.0683135064811107
0.0667750209508996
0.0650155483950933
0.0630291521359503
0.0608092078486671
0.0583484113162375
0.0556387891398402
0.0526717129870487
0.0494379179673224
0.0459275257070171
0.0421300726493257
0.038034544023559
0.0336294138099206
0.0289026908697277
0.0238419712195182
0.0184344962073069
0.0126672161114335
0.00652685844202099
0
0
0.00654692248230953
0.0127072332504332
0.0184942464254731
0.023921129051736
0.0290008306257496
0.0337460161326109
0.0381690034867801
0.0422817060731228
0.0460955808666275
0.0496215823914108
0.0528701225748692
0.0558510363715004
0.0585735528797873
0.0610462715579082
0.0632771430602457
0.0652734541647125
0.0670418162372878
0.068588156680483
0.0699177128321065
0.0710350278152269
0.0719439478856495
0.0726476208761761
0.0731484953947362
0.0734483204941678
0.0735481455935993
0.0734483204941678
0.0731484953947363
0.0726476208761763
0.0719439478856498
0.0710350278152273
0.069917712832107
0.0685881566804835
0.0670418162372882
0.0652734541647127
0.0632771430602458
0.0610462715579083
0.0585735528797875
0.0558510363715007
0.0528701225748694
0.0496215823914111
0.0460955808666277
0.0422817060731231
0.0381690034867804
0.0337460161326111
0.0290008306257497
0.0239211290517361
0.0184942464254732
0.0127072332504333
0.00654692248230955
0
0
0.00655359823678395
0.0127205479825167
0.0185141271924165
0.0239474679362031
0.0290334864489239
0.0337848166079934
0.038213747717828
0.0423321672897583
0.0461515092949595
0.0496827081568246
0.0529361585495171
0.0559216808915053
0.0586484922735032
0.0611251824429329
0.0633596943824119
0.0653593089662234
0.0671306331530566
0.0686795911714275
0.0700114181716874
0.0711306558511094
0.0720411496022965
0.0727460467867777
0.0732477957924624
0.0735481455935993
0.0736481455935993
0.0735481455935993
0.0732477957924625
0.072746046786778
0.0720411496022969
0.0711306558511099
0.0700114181716879
0.068679591171428
0.067130633153057
0.0653593089662236
0.0633596943824121
0.061125182442933
0.0586484922735034
0.0559216808915055
0.0529361585495173
0.0496827081568248
0.0461515092949597
0.0423321672897585
0.0382137477178282
0.0337848166079936
0.0290334864489241
0.0239474679362032
0.0185141271924166
0.0127205479825168
0.00655359823678398
0
3.46944695195361e-18
0.00654692248230954
0.0127072332504332
0.0184942464254732
0.023921129051736
0.0290008306257496
0.0337460161326109
0.0381690034867801
0.0422817060731229
0.0460955808666276
0.049621582391411
0.0528701225748693
0.0558510363715005
0.0585735528797873
0.0610462715579082
0.0632771430602457
0.0652734541647125
0.0670418162372879
0.068588156680483
0.0699177128321064
0.0710350278152268
0.0719439478856494
0.072647620876176
0.0731484953947362
0.0734483204941677
0.0735481455935993
0.0734483204941678
0.0731484953947363
0.0726476208761764
0.0719439478856498
0.0710350278152273
0.069917712832107
0.0685881566804835
0.0670418162372883
0.0652734541647128
0.0632771430602459
0.0610462715579083
0.0585735528797875
0.0558510363715007
0.0528701225748694
0.0496215823914111
0.0460955808666277
0.042281706073123
0.0381690034867803
0.033746016132611
0.0290008306257497
0.0239211290517361
0.0184942464254732
0.0127072332504332
0.00654692248230955
0
3.46944695195361e-18
0.00652685844202098
0.0126672161114334
0.0184344962073068
0.0238419712195181
0.0289026908697275
0.0336294138099205
0.0380345440235589
0.0421300726493255
0.045927525707017
0.0494379179673223
0.0526717129870486
0.0556387891398401
0.0583484113162374
0.0608092078486669
0.0630291521359501
0.065015548395093
0.0667750209508993
0.0683135064811103
0.0696362486610286
0.070747794692042
0.0716519932488982
0.0723519934375409
0.0728502444161386
0.0731484953947362
0.0732477957924624
0.0731484953947363
0.0728502444161388
0.0723519934375413
0.0716519932488987
0.0707477946920425
0.0696362486610292
0.0683135064811107
0.0667750209508996
0.0650155483950933
0.0630291521359503
0.0608092078486671
0.0583484113162375
0.0556387891398402
0.0526717129870486
0.0494379179673223
0.045927525707017
0.0421300726493256
0.0380345440235589
0.0336294138099205
0.0289026908697276
0.0238419712195182
0.0184344962073068
0.0126672161114334
0.00652685844202099
0
0
0.00649329517434096
0.0126002765459726
0.0183345510728026
0.0237095687493022
0.028738547823722
0.0334344042137845
0.0378096861482094
0.0418765147936033
0.0456465313447926
0.0491308507838127
0.0523400222661626
0.0552839958845739
0.0579720953966552
0.0604129963845718
0.0626147092397948
0.0645845663288101
0.0663292126901059
0.0678545996320302
0.069165980638856
0.0702679090430143
0.0711642369803607
0.0718581152089509
0.072351993437541
0.0726476208761762
0.0727460467867779
0.0726476208761763
0.0723519934375413
0.0718581152089512
0.0711642369803611
0.0702679090430148
0.0691659806388565
0.0678545996320307
0.0663292126901063
0.0645845663288104
0.062614709239795
0.060412996384572
0.0579720953966553
0.0552839958845739
0.0523400222661626
0.0491308507838127
0.0456465313447926
0.0418765147936033
0.0378096861482094
0.0334344042137845
0.0287385478237221
0.0237095687493022
0.0183345510728026
0.0126002765459727
0.00649329517434097
0
0
0.00644604570937023
0.0125060438253136
0.0181938627886288
0.023523204881166
0.0285075274620739
0.033159969073286
0.0374932815618908
0.0415197690320858
0.0452512340947374
0.0486989315569732
0.0518735294092153
0.0547850767356376
0.0574429780012377
0.0598559730531704
0.0620321221098473
0.0639787949902469
0.0657026638486841
0.0672096987180489
0.0685051652193508
0.0695936238607985
0.0704789304205796
0.0711642369803609
0.0716519932488985
0.0719439478856496
0.0720411496022967
0.0719439478856496
0.0716519932488986
0.0711642369803611
0.07047893042058
0.069593623860799
0.0685051652193513
0.0672096987180494
0.0657026638486845
0.0639787949902472
0.0620321221098475
0.0598559730531706
0.0574429780012379
0.0547850767356377
0.0518735294092154
0.0486989315569731
0.0452512340947373
0.0415197690320858
0.0374932815618908
0.0331599690732861
0.028507527462074
0.023523204881166
0.0181938627886287
0.0125060438253136
0.00644604570937024
0
3.46944695195361e-18
0.00638484383782637
0.0123839902572827
0.0180116513752329
0.023281860524659
0.0282083880701216
0.0328046630553949
0.037083701993982
0.0410580456781116
0.0447397044450979
0.0481401119401272
0.0512700870780879
0.0541398036475236
0.0567587668194877
0.0591357957170248
0.061279011156177
0.063195827673646
0.0648929489963346
0.0663763661721305
0.0676513576596999
0.0687224907602491
0.0695936238607986
0.0702679090430145
0.0707477946920423
0.0710350278152271
0.0711306558511097
0.0710350278152271
0.0707477946920423
0.0702679090430147
0.0695936238607989
0.0687224907602496
0.0676513576597005
0.066376366172131
0.0648929489963351
0.0631958276736463
0.0612790111561773
0.0591357957170251
0.0567587668194879
0.0541398036475237
0.051270087078088
0.0481401119401272
0.0447397044450979
0.0410580456781117
0.0370837019939821
0.032804663055395
0.0282083880701216
0.023281860524659
0.0180116513752328
0.0123839902572827
0.00638484383782638
0
0
0.00630933938465257
0.0122334219907579
0.017786891930361
0.0229841977721157
0.0278395012383585
0.03236659308419
0.0365788176805306
0.0404890072412809
0.0441094260674154
0.0474517246803497
0.0505269033154856
0.0533452839568811
0.0559164899121646
0.0582494318392641
0.0603522991241901
0.0622325555518253
0.0638969382908781
0.0653514593144385
0.0666014084870692
0.0676513576596999
0.0685051652193509
0.0691659806388562
0.0696362486610289
0.0699177128321067
0.0700114181716878
0.0699177128321068
0.069636248661029
0.0691659806388564
0.0685051652193512
0.0676513576597004
0.0666014084870697
0.065351459314439
0.0638969382908786
0.0622325555518257
0.0603522991241905
0.0582494318392643
0.0559164899121648
0.0533452839568811
0.0505269033154856
0.0474517246803498
0.0441094260674155
0.0404890072412811
0.0365788176805307
0.0323665930841901
0.0278395012383585
0.0229841977721157
0.0177868919303609
0.0122334219907579
0.00630933938465257
0
3.46944695195361e-18
0.00621909171002599
0.0120534663907355
0.0175182965833373
0.0226285373950844
0.0273988260270066
0.0318433903624763
0.0359759684026693
0.0398097395390662
0.043357267902933
0.0466304573983707
0.0496405175466236
0.0523979389523504
0.0549124770330258
0.0571931426036767
0.0592481979494941
0.0610851571185871
0.062710789300914
0.0641311243076762
0.0653514593144385
0.0663763661721305
0.067209698718049
0.0678545996320305
0.0683135064811106
0.0685881566804833
0.0686795911714278
0.0685881566804834
0.0683135064811107
0.0678545996320307
0.0672096987180494
0.066376366172131
0.065351459314439
0.0641311243076768
0.0627107893009145
0.0610851571185875
0.0592481979494944
0.057193142603677
0.054912477033026
0.0523979389523505
0.0496405175466237
0.0466304573983708
0.0433572679029331
0.0398097395390663
0.0359759684026694
0.0318433903624764
0.0273988260270067
0.0226285373950844
0.0175182965833373
0.0120534663907355
0.00621909171002599
0
3.46944695195361e-18
0.00611356106471592
0.0118430552788206
0.0172042906171685
0.0222128291978778
0.0268838751121074
0.0312321739360392
0.0352719260286042
0.0390167146093814
0.0424794486068799
0.0456723194635763
0.0486067705202877
0.0512934772728712
0.0537423366639112
0.0559624635929231
0.0579621929515224
0.0597490856721151
0.0613299374865146
0.062710789300914
0.0638969382908781
0.0648929489963347
0.0657026638486842
0.0663292126901061
0.0667750209508995
0.0670418162372881
0.0671306331530569
0.0670418162372882
0.0667750209508996
0.0663292126901064
0.0657026638486845
0.0648929489963351
0.0638969382908786
0.0627107893009145
0.061329937486515
0.0597490856721155
0.0579621929515228
0.0559624635929234
0.0537423366639114
0.0512934772728714
0.0486067705202879
0.0456723194635764
0.04247944860688
0.0390167146093816
0.0352719260286043
0.0312321739360393
0.0268838751121074
0.0222128291978778
0.0172042906171685
0.0118430552788206
0.00611356106471593
0
0
0.0059920972700171
0.0116009030426625
0.0168429814086384
0.0217346136671508
0.0262916712875059
0.0305295042409689
0.0344628471663268
0.0381057442629754
0.0414714924516289
0.0445726013287668
0.0474207677980799
0.0500268629549355
0.0524009287568247
0.0545521821525818
0.0564890245915576
0.0582190551318363
0.0597490856721151
0.0610851571185872
0.0622325555518254
0.0631958276736461
0.0639787949902469
0.0645845663288102
0.0650155483950931
0.0652734541647126
0.0653593089662235
0.0652734541647127
0.0650155483950932
0.0645845663288104
0.0639787949902472
0.0631958276736464
0.0622325555518257
0.0610851571185876
0.0597490856721156
0.0582190551318367
0.0564890245915579
0.0545521821525821
0.052400928756825
0.0500268629549357
0.0474207677980801
0.0445726013287669
0.0414714924516291
0.0381057442629756
0.0344628471663269
0.030529504240969
0.026291671287506
0.0217346136671508
0.0168429814086384
0.0116009030426625
0.00599209727001711
0
0
0.00585392497268999
0.0113254782131738
0.0164321183075717
0.0211909727745811
0.0256186921297967
0.0297313245740037
0.0335442141327587
0.0370719228245645
0.0403281756078936
0.0433258256017819
0.0460768363883296
0.0485922779919663
0.0508823332558705
0.0529563116690219
0.0548226681302897
0.0564890245915576
0.0579621929515225
0.0592481979494942
0.0603522991241902
0.0612790111561771
0.0620321221098473
0.0626147092397949
0.0630291521359502
0.0632771430602458
0.063359694382412
0.0632771430602457
0.0630291521359502
0.062614709239795
0.0620321221098475
0.0612790111561773
0.0603522991241904
0.0592481979494945
0.0579621929515228
0.0564890245915579
0.05482266813029
0.0529563116690221
0.0508823332558707
0.0485922779919665
0.0460768363883298
0.0433258256017821
0.0403281756078938
0.0370719228245646
0.0335442141327588
0.0297313245740038
0.0256186921297967
0.0211909727745811
0.0164321183075717
0.0113254782131739
0.00585392497269002
0
0
0.00569812440756905
0.0110149665297712
0.0159690408338934
0.0205784669938051
0.024860799883096
0.0288328877924906
0.0325107619661398
0.0359095572946301
0.0390434615535991
0.0419256890821376
0.0445684741614903
0.0469830793687294
0.049179814605669
0.0511680631373454
0.0529563116690219
0.0545521821525818
0.0559624635929231
0.0571931426036768
0.0582494318392642
0.0591357957170248
0.0598559730531705
0.0604129963845719
0.060809207848667
0.0610462715579083
0.061125182442933
0.0610462715579083
0.060809207848667
0.060412996384572
0.0598559730531706
0.059135795717025
0.0582494318392643
0.0571931426036771
0.0559624635929234
0.0545521821525822
0.0529563116690222
0.0511680631373458
0.0491798146056693
0.0469830793687297
0.0445684741614906
0.0419256890821379
0.0390434615535993
0.0359095572946303
0.03251076196614
0.0288328877924908
0.0248607998830961
0.0205784669938052
0.0159690408338935
0.0110149665297713
0.00569812440756908
0
0
0.005523606127815
0.0106672226644485
0.0154506115044258
0.0198930544836501
0.0240131526162914
0.027828664746723
0.0313563886446799
0.0346120828342169
0.0376104242297351
0.0403649950116793
0.0428882918067646
0.0451917507157922
0.0472857826607306
0.0491798146056689
0.0508823332558704
0.0524009287568247
0.0537423366639112
0.0549124770330257
0.0559164899121646
0.0567587668194877
0.0574429780012378
0.0579720953966552
0.0583484113162374
0.0585735528797874
0.0586484922735033
0.0585735528797874
0.0583484113162374
0.0579720953966553
0.0574429780012378
0.0567587668194878
0.0559164899121649
0.054912477033026
0.0537423366639115
0.052400928756825
0.0508823332558708
0.0491798146056693
0.0472857826607309
0.0451917507157925
0.0428882918067648
0.0403649950116795
0.0376104242297353
0.0346120828342171
0.0313563886446802
0.0278286647467232
0.0240131526162915
0.0198930544836502
0.0154506115044258
0.0106672226644486
0.00552360612781503
0
3.46944695195361e-18
0.00532907743924241
0.0102797064957821
0.0148731280357109
0.0191299868200783
0.0230700913516964
0.0267122299334302
0.0300740450316401
0.0331719611678224
0.0360211575194452
0.0386355749280797
0.0410279473380964
0.0432098490269443
0.0451917507157922
0.0469830793687294
0.0485922779919662
0.0500268629549355
0.0512934772728711
0.0523979389523503
0.053345283956881
0.0541398036475235
0.0547850767356376
0.0552839958845739
0.0556387891398401
0.0558510363715006
0.0559216808915054
0.0558510363715006
0.0556387891398401
0.0552839958845739
0.0547850767356377
0.0541398036475236
0.0533452839568812
0.0523979389523506
0.0512934772728715
0.0500268629549358
0.0485922779919665
0.0469830793687297
0.0451917507157925
0.0432098490269446
0.0410279473380967
0.0386355749280799
0.0360211575194454
0.0331719611678226
0.0300740450316403
0.0267122299334304
0.0230700913516965
0.0191299868200784
0.014873128035711
0.0102797064957822
0.00532907743924245
0
3.46944695195361e-18
0.00511299713337253
0.00984939784372666
0.0142322073225576
0.0182836734092558
0.0220249960369856
0.0254761186036612
0.0286556003806279
0.0315805592859874
0.0342666697521437
0.0367281998430979
0.0389780735905971
0.0410279473380964
0.0428882918067645
0.0445684741614902
0.0460768363883295
0.0474207677980798
0.0486067705202876
0.0496405175466234
0.0505269033154855
0.0512700870780878
0.0518735294092153
0.0523400222661626
0.0526717129870486
0.0528701225748694
0.0529361585495172
0.0528701225748694
0.0526717129870487
0.0523400222661627
0.0518735294092153
0.0512700870780879
0.0505269033154857
0.0496405175466238
0.0486067705202879
0.0474207677980801
0.0460768363883298
0.0445684741614905
0.0428882918067648
0.0410279473380967
0.0389780735905974
0.0367281998430981
0.0342666697521439
0.0315805592859876
0.0286556003806281
0.0254761186036614
0.0220249960369857
0.0182836734092559
0.0142322073225576
0.00984939784372673
0.00511299713337257
0
0
0.00487351325052104
0.00937268042319445
0.0135226300015368
0.0173475034574018
0.0208701007833289
0.0241116480636013
0.0270916786012228
0.0298280058433557
0.0323367623600442
0.034632481101571
0.0367281998430978
0.0386355749280797
0.0403649950116792
0.0419256890821375
0.0433258256017818
0.0445726013287666
0.0456723194635761
0.0466304573983706
0.0474517246803496
0.0481401119401271
0.0486989315569731
0.0491308507838127
0.0494379179673223
0.049621582391411
0.0496827081568248
0.0496215823914111
0.0494379179673224
0.0491308507838127
0.0486989315569732
0.0481401119401272
0.0474517246803498
0.0466304573983708
0.0456723194635764
0.0445726013287669
0.043325825601782
0.0419256890821378
0.0403649950116794
0.0386355749280799
0.0367281998430981
0.0346324811015713
0.0323367623600444
0.0298280058433559
0.027091678601223
0.0241116480636015
0.0208701007833291
0.0173475034574019
0.0135226300015369
0.0093726804231945
0.00487351325052107
0
0
0.00460837544551719
0.00884518059699323
0.0127381288029936
0.0163136096354856
0.019596255575327
0.0226086942661923
0.0253714601173064
0.0279030231261684
0.0302198927431063
0.0323367623600441
0.0342666697521436
0.0360211575194452
0.037610424229735
0.039043461553599
0.0403281756078935
0.0414714924516288
0.0424794486068798
0.043357267902933
0.0441094260674153
0.0447397044450978
0.0452512340947373
0.0456465313447926
0.045927525707017
0.0460955808666277
0.0461515092949596
0.0460955808666277
0.0459275257070171
0.0456465313447926
0.0452512340947374
0.0447397044450979
0.0441094260674154
0.0433572679029331
0.04247944860688
0.041471492451629
0.0403281756078937
0.0390434615535992
0.0376104242297353
0.0360211575194454
0.0342666697521439
0.0323367623600444
0.0302198927431065
0.0279030231261686
0.0253714601173066
0.0226086942661925
0.0195962555753271
0.0163136096354856
0.0127381288029936
0.00884518059699328
0.00460837544551721
0
0
0.00431480793455448
0.00826153771626771
0.0118710949779586
0.0151725507062199
0.0181926176163012
0.0209554133085345
0.0234824444756421
0.0257927338009053
0.0279030231261685
0.0298280058433557
0.0315805592859874
0.0331719611678224
0.0346120828342169
0.0359095572946301
0.0370719228245644
0.0381057442629753
0.0390167146093813
0.0398097395390661
0.0404890072412809
0.0410580456781116
0.0415197690320858
0.0418765147936033
0.0421300726493256
0.042281706073123
0.0423321672897584
0.042281706073123
0.0421300726493256
0.0418765147936033
0.0415197690320858
0.0410580456781117
0.040489007241281
0.0398097395390662
0.0390167146093815
0.0381057442629755
0.0370719228245646
0.0359095572946303
0.0346120828342171
0.0331719611678227
0.0315805592859877
0.0298280058433559
0.0279030231261686
0.0257927338009055
0.0234824444756423
0.0209554133085347
0.0181926176163014
0.0151725507062199
0.0118710949779587
0.00826153771626776
0.00431480793455451
0
0
0.00398931857643303
0.00761506735556451
0.0109121626863534
0.013912880595134
0.0166462508751236
0.0191378968760025
0.0214101706758223
0.0234824444756421
0.0253714601173064
0.0270916786012229
0.0286556003806279
0.0300740450316402
0.03135638864468
0.0325107619661399
0.0335442141327587
0.0344628471663267
0.0352719260286041
0.0359759684026692
0.0365788176805306
0.0370837019939819
0.0374932815618908
0.0378096861482094
0.0380345440235589
0.0381690034867802
0.0382137477178281
0.0381690034867803
0.0380345440235589
0.0378096861482094
0.0374932815618908
0.037083701993982
0.0365788176805306
0.0359759684026694
0.0352719260286043
0.0344628471663269
0.0335442141327589
0.0325107619661401
0.0313563886446802
0.0300740450316404
0.0286556003806281
0.027091678601223
0.0253714601173066
0.0234824444756423
0.0214101706758224
0.0191378968760026
0.0166462508751236
0.0139128805951341
0.0109121626863535
0.00761506735556454
0.00398931857643305
0
3.46944695195361e-18
0.00362739901561313
0.00689725044320388
0.00984960781675648
0.0125205581128394
0.0149416084130564
0.0171397526445294
0.0191378968760024
0.0209554133085345
0.0226086942661923
0.0241116480636014
0.0254761186036613
0.0267122299334302
0.0278286647467231
0.0288328877924907
0.0297313245740037
0.0305295042409689
0.0312321739360392
0.0318433903624763
0.0323665930841901
0.0328046630553949
0.033159969073286
0.0334344042137845
0.0336294138099205
0.033746016132611
0.0337848166079935
0.0337460161326109
0.0336294138099205
0.0334344042137845
0.033159969073286
0.0328046630553949
0.0323665930841901
0.0318433903624764
0.0312321739360393
0.030529504240969
0.0297313245740039
0.0288328877924908
0.0278286647467233
0.0267122299334304
0.0254761186036615
0.0241116480636015
0.0226086942661925
0.0209554133085347
0.0191378968760026
0.0171397526445295
0.0149416084130565
0.0125205581128394
0.0098496078167565
0.00689725044320391
0.00362739901561314
0
1.73472347597681e-18
0.0032230270428156
0.00609692758488142
0.00866846002462927
0.0109781356264104
0.0130598720197334
0.0149416084130564
0.0166462508751235
0.0181926176163012
0.019596255575327
0.0208701007833289
0.0220249960369856
0.0230700913516964
0.0240131526162914
0.024860799883096
0.0256186921297967
0.0262916712875059
0.0268838751121074
0.0273988260270066
0.0278395012383585
0.0282083880701216
0.0285075274620739
0.028738547823722
0.0289026908697275
0.0290008306257496
0.029033486448924
0.0290008306257496
0.0289026908697275
0.028738547823722
0.0285075274620739
0.0282083880701216
0.0278395012383585
0.0273988260270067
0.0268838751121074
0.026291671287506
0.0256186921297968
0.0248607998830961
0.0240131526162915
0.0230700913516965
0.0220249960369858
0.0208701007833291
0.0195962555753271
0.0181926176163014
0.0166462508751236
0.0149416084130565
0.0130598720197335
0.0109781356264104
0.00866846002462928
0.00609692758488144
0.00322302704281561
0
0
0.00276778157076785
0.00519897282887694
0.00734916907046876
0.00926365234843958
0.0109781356264104
0.0125205581128393
0.013912880595134
0.0151725507062199
0.0163136096354856
0.0173475034574018
0.0182836734092558
0.0191299868200784
0.0198930544836502
0.0205784669938052
0.0211909727745811
0.0217346136671508
0.0222128291978777
0.0226285373950843
0.0229841977721157
0.023281860524659
0.0235232048811659
0.0237095687493022
0.0238419712195181
0.023921129051736
0.0239474679362031
0.023921129051736
0.0238419712195181
0.0237095687493022
0.023523204881166
0.023281860524659
0.0229841977721157
0.0226285373950844
0.0222128291978778
0.0217346136671508
0.0211909727745812
0.0205784669938053
0.0198930544836503
0.0191299868200785
0.0182836734092559
0.0173475034574019
0.0163136096354856
0.01517255070622
0.0139128805951341
0.0125205581128394
0.0109781356264104
0.0092636523484396
0.00734916907046876
0.00519897282887695
0.00276778157076785
0
0
0.00224912641137887
0.00418201308938971
0.00586559107992923
0.00734916907046874
0.00866846002462926
0.00984960781675647
0.0109121626863534
0.0118710949779586
0.0127381288029936
0.0135226300015369
0.0142322073225576
0.014873128035711
0.0154506115044258
0.0159690408338935
0.0164321183075717
0.0168429814086383
0.0172042906171685
0.0175182965833373
0.0177868919303609
0.0180116513752328
0.0181938627886287
0.0183345510728026
0.0184344962073068
0.0184942464254731
0.0185141271924165
0.0184942464254731
0.0184344962073068
0.0183345510728025
0.0181938627886287
0.0180116513752328
0.0177868919303609
0.0175182965833373
0.0172042906171685
0.0168429814086384
0.0164321183075717
0.0159690408338935
0.0154506115044259
0.014873128035711
0.0142322073225576
0.0135226300015369
0.0127381288029936
0.0118710949779587
0.0109121626863535
0.00984960781675651
0.00866846002462929
0.00734916907046876
0.00586559107992923
0.00418201308938971
0.00224912641137887
0
0
0.00164671098535791
0.00301436203737381
0.00418201308938972
0.00519897282887694
0.00609692758488143
0.00689725044320389
0.00761506735556452
0.00826153771626773
0.00884518059699325
0.00937268042319448
0.00984939784372671
0.0102797064957822
0.0106672226644486
0.0110149665297712
0.0113254782131739
0.0116009030426625
0.0118430552788206
0.0120534663907354
0.0122334219907579
0.0123839902572827
0.0125060438253136
0.0126002765459726
0.0126672161114334
0.0127072332504332
0.0127205479825167
0.0127072332504332
0.0126672161114334
0.0126002765459726
0.0125060438253136
0.0123839902572827
0.0122334219907579
0.0120534663907355
0.0118430552788206
0.0116009030426625
0.0113254782131739
0.0110149665297713
0.0106672226644486
0.0102797064957822
0.00984939784372673
0.0093726804231945
0.00884518059699328
0.00826153771626777
0.00761506735556456
0.00689725044320392
0.00609692758488144
0.00519897282887695
0.00418201308938972
0.00301436203737382
0.00164671098535791
0
8.67361737988403e-19
0.000923355492678955
0.00164671098535791
0.00224912641137887
0.00276778157076785
0.0032230270428156
0.00362739901561313
0.00398931857643304
0.00431480793455449
0.0046083754455172
0.00487351325052105
0.00511299713337255
0.00532907743924244
0.00552360612781502
0.00569812440756907
0.00585392497269001
0.0059920972700171
0.00611356106471591
0.00621909171002598
0.00630933938465256
0.00638484383782636
0.00644604570937022
0.00649329517434096
0.00652685844202098
0.00654692248230954
0.00655359823678395
0.00654692248230953
0.00652685844202098
0.00649329517434096
0.00644604570937023
0.00638484383782637
0.00630933938465257
0.00621909171002599
0.00611356106471593
0.00599209727001712
0.00585392497269003
0.0056981244075691
0.00552360612781505
0.00532907743924246
0.00511299713337257
0.00487351325052107
0.00460837544551722
0.00431480793455451
0.00398931857643305
0.00362739901561314
0.00322302704281561
0.00276778157076786
0.00224912641137887
0.00164671098535791
0.000923355492678956
0
0
0
0
0
0
0
0
0
0
0
0
0
0
0
0
0
0
0
0
0
0
0
0
0
0
0
0
0
0
0
0
0
0
0
0
0
0
0
0
0
0
0
0
0
0
0
0
0
0
0
0
