1 52 2
2 53 3
3 54 4
4 55 5
5 56 6
6 57 7
7 58 8
8 59 9
9 60 10
10 61 11
11 62 12
12 63 13
13 64 14
14 65 15
15 66 16
16 67 17
17 68 18
18 69 19
19 70 20
20 71 21
21 72 22
22 73 23
23 74 24
24 75 25
25 76 26
26 77 27
27 78 28
28 79 29
29 80 30
30 81 31
31 82 32
32 83 33
33 84 34
34 85 35
35 86 36
36 87 37
37 88 38
38 89 39
39 90 40
40 91 41
41 92 42
42 93 43
43 94 44
44 95 45
45 96 46
46 97 47
47 98 48
48 99 49
49 100 50
50 101 51
53 2 52
54 3 53
55 4 54
56 5 55
57 6 56
58 7 57
59 8 58
60 9 59
61 10 60
62 11 61
63 12 62
64 13 63
65 14 64
66 15 65
67 16 66
68 17 67
69 18 68
70 19 69
71 20 70
72 21 71
73 22 72
74 23 73
75 24 74
76 25 75
77 26 76
78 27 77
79 28 78
80 29 79
81 30 80
82 31 81
83 32 82
84 33 83
85 34 84
86 35 85
87 36 86
88 37 87
89 38 88
90 39 89
91 40 90
92 41 91
93 42 92
94 43 93
95 44 94
96 45 95
97 46 96
98 47 97
99 48 98
100 49 99
101 50 100
102 51 101
52 103 53
53 104 54
54 105 55
55 106 56
56 107 57
57 108 58
58 109 59
59 110 60
60 111 61
61 112 62
62 113 63
63 114 64
64 115 65
65 116 66
66 117 67
67 118 68
68 119 69
69 120 70
70 121 71
71 122 72
72 123 73
73 124 74
74 125 75
75 126 76
76 127 77
77 128 78
78 129 79
79 130 80
80 131 81
81 132 82
82 133 83
83 134 84
84 135 85
85 136 86
86 137 87
87 138 88
88 139 89
89 140 90
90 141 91
91 142 92
92 143 93
93 144 94
94 145 95
95 146 96
96 147 97
97 148 98
98 149 99
99 150 100
100 151 101
101 152 102
104 53 103
105 54 104
106 55 105
107 56 106
108 57 107
109 58 108
110 59 109
111 60 110
112 61 111
113 62 112
114 63 113
115 64 114
116 65 115
117 66 116
118 67 117
119 68 118
120 69 119
121 70 120
122 71 121
123 72 122
124 73 123
125 74 124
126 75 125
127 76 126
128 77 127
129 78 128
130 79 129
131 80 130
132 81 131
133 82 132
134 83 133
135 84 134
136 85 135
137 86 136
138 87 137
139 88 138
140 89 139
141 90 140
142 91 141
143 92 142
144 93 143
145 94 144
146 95 145
147 96 146
148 97 147
149 98 148
150 99 149
151 100 150
152 101 151
153 102 152
103 154 104
104 155 105
105 156 106
106 157 107
107 158 108
108 159 109
109 160 110
110 161 111
111 162 112
112 163 113
113 164 114
114 165 115
115 166 116
116 167 117
117 168 118
118 169 119
119 170 120
120 171 121
121 172 122
122 173 123
123 174 124
124 175 125
125 176 126
126 177 127
127 178 128
128 179 129
129 180 130
130 181 131
131 182 132
132 183 133
133 184 134
134 185 135
135 186 136
136 187 137
137 188 138
138 189 139
139 190 140
140 191 141
141 192 142
142 193 143
143 194 144
144 195 145
145 196 146
146 197 147
147 198 148
148 199 149
149 200 150
150 201 151
151 202 152
152 203 153
155 104 154
156 105 155
157 106 156
158 107 157
159 108 158
160 109 159
161 110 160
162 111 161
163 112 162
164 113 163
165 114 164
166 115 165
167 116 166
168 117 167
169 118 168
170 119 169
171 120 170
172 121 171
173 122 172
174 123 173
175 124 174
176 125 175
177 126 176
178 127 177
179 128 178
180 129 179
181 130 180
182 131 181
183 132 182
184 133 183
185 134 184
186 135 185
187 136 186
188 137 187
189 138 188
190 139 189
191 140 190
192 141 191
193 142 192
194 143 193
195 144 194
196 145 195
197 146 196
198 147 197
199 148 198
200 149 199
201 150 200
202 151 201
203 152 202
204 153 203
154 205 155
155 206 156
156 207 157
157 208 158
158 209 159
159 210 160
160 211 161
161 212 162
162 213 163
163 214 164
164 215 165
165 216 166
166 217 167
167 218 168
168 219 169
169 220 170
170 221 171
171 222 172
172 223 173
173 224 174
174 225 175
175 226 176
176 227 177
177 228 178
178 229 179
179 230 180
180 231 181
181 232 182
182 233 183
183 234 184
184 235 185
185 236 186
186 237 187
187 238 188
188 239 189
189 240 190
190 241 191
191 242 192
192 243 193
193 244 194
194 245 195
195 246 196
196 247 197
197 248 198
198 249 199
199 250 200
200 251 201
201 252 202
202 253 203
203 254 204
206 155 205
207 156 206
208 157 207
209 158 208
210 159 209
211 160 210
212 161 211
213 162 212
214 163 213
215 164 214
216 165 215
217 166 216
218 167 217
219 168 218
220 169 219
221 170 220
222 171 221
223 172 222
224 173 223
225 174 224
226 175 225
227 176 226
228 177 227
229 178 228
230 179 229
231 180 230
232 181 231
233 182 232
234 183 233
235 184 234
236 185 235
237 186 236
238 187 237
239 188 238
240 189 239
241 190 240
242 191 241
243 192 242
244 193 243
245 194 244
246 195 245
247 196 246
248 197 247
249 198 248
250 199 249
251 200 250
252 201 251
253 202 252
254 203 253
255 204 254
205 256 206
206 257 207
207 258 208
208 259 209
209 260 210
210 261 211
211 262 212
212 263 213
213 264 214
214 265 215
215 266 216
216 267 217
217 268 218
218 269 219
219 270 220
220 271 221
221 272 222
222 273 223
223 274 224
224 275 225
225 276 226
226 277 227
227 278 228
228 279 229
229 280 230
230 281 231
231 282 232
232 283 233
233 284 234
234 285 235
235 286 236
236 287 237
237 288 238
238 289 239
239 290 240
240 291 241
241 292 242
242 293 243
243 294 244
244 295 245
245 296 246
246 297 247
247 298 248
248 299 249
249 300 250
250 301 251
251 302 252
252 303 253
253 304 254
254 305 255
257 206 256
258 207 257
259 208 258
260 209 259
261 210 260
262 211 261
263 212 262
264 213 263
265 214 264
266 215 265
267 216 266
268 217 267
269 218 268
270 219 269
271 220 270
272 221 271
273 222 272
274 223 273
275 224 274
276 225 275
277 226 276
278 227 277
279 228 278
280 229 279
281 230 280
282 231 281
283 232 282
284 233 283
285 234 284
286 235 285
287 236 286
288 237 287
289 238 288
290 239 289
291 240 290
292 241 291
293 242 292
294 243 293
295 244 294
296 245 295
297 246 296
298 247 297
299 248 298
300 249 299
301 250 300
302 251 301
303 252 302
304 253 303
305 254 304
306 255 305
256 307 257
257 308 258
258 309 259
259 310 260
260 311 261
261 312 262
262 313 263
263 314 264
264 315 265
265 316 266
266 317 267
267 318 268
268 319 269
269 320 270
270 321 271
271 322 272
272 323 273
273 324 274
274 325 275
275 326 276
276 327 277
277 328 278
278 329 279
279 330 280
280 331 281
281 332 282
282 333 283
283 334 284
284 335 285
285 336 286
286 337 287
287 338 288
288 339 289
289 340 290
290 341 291
291 342 292
292 343 293
293 344 294
294 345 295
295 346 296
296 347 297
297 348 298
298 349 299
299 350 300
300 351 301
301 352 302
302 353 303
303 354 304
304 355 305
305 356 306
308 257 307
309 258 308
310 259 309
311 260 310
312 261 311
313 262 312
314 263 313
315 264 314
316 265 315
317 266 316
318 267 317
319 268 318
320 269 319
321 270 320
322 271 321
323 272 322
324 273 323
325 274 324
326 275 325
327 276 326
328 277 327
329 278 328
330 279 329
331 280 330
332 281 331
333 282 332
334 283 333
335 284 334
336 285 335
337 286 336
338 287 337
339 288 338
340 289 339
341 290 340
342 291 341
343 292 342
344 293 343
345 294 344
346 295 345
347 296 346
348 297 347
349 298 348
350 299 349
351 300 350
352 301 351
353 302 352
354 303 353
355 304 354
356 305 355
357 306 356
307 358 308
308 359 309
309 360 310
310 361 311
311 362 312
312 363 313
313 364 314
314 365 315
315 366 316
316 367 317
317 368 318
318 369 319
319 370 320
320 371 321
321 372 322
322 373 323
323 374 324
324 375 325
325 376 326
326 377 327
327 378 328
328 379 329
329 380 330
330 381 331
331 382 332
332 383 333
333 384 334
334 385 335
335 386 336
336 387 337
337 388 338
338 389 339
339 390 340
340 391 341
341 392 342
342 393 343
343 394 344
344 395 345
345 396 346
346 397 347
347 398 348
348 399 349
349 400 350
350 401 351
351 402 352
352 403 353
353 404 354
354 405 355
355 406 356
356 407 357
359 308 358
360 309 359
361 310 360
362 311 361
363 312 362
364 313 363
365 314 364
366 315 365
367 316 366
368 317 367
369 318 368
370 319 369
371 320 370
372 321 371
373 322 372
374 323 373
375 324 374
376 325 375
377 326 376
378 327 377
379 328 378
380 329 379
381 330 380
382 331 381
383 332 382
384 333 383
385 334 384
386 335 385
387 336 386
388 337 387
389 338 388
390 339 389
391 340 390
392 341 391
393 342 392
394 343 393
395 344 394
396 345 395
397 346 396
398 347 397
399 348 398
400 349 399
401 350 400
402 351 401
403 352 402
404 353 403
405 354 404
406 355 405
407 356 406
408 357 407
358 409 359
359 410 360
360 411 361
361 412 362
362 413 363
363 414 364
364 415 365
365 416 366
366 417 367
367 418 368
368 419 369
369 420 370
370 421 371
371 422 372
372 423 373
373 424 374
374 425 375
375 426 376
376 427 377
377 428 378
378 429 379
379 430 380
380 431 381
381 432 382
382 433 383
383 434 384
384 435 385
385 436 386
386 437 387
387 438 388
388 439 389
389 440 390
390 441 391
391 442 392
392 443 393
393 444 394
394 445 395
395 446 396
396 447 397
397 448 398
398 449 399
399 450 400
400 451 401
401 452 402
402 453 403
403 454 404
404 455 405
405 456 406
406 457 407
407 458 408
410 359 409
411 360 410
412 361 411
413 362 412
414 363 413
415 364 414
416 365 415
417 366 416
418 367 417
419 368 418
420 369 419
421 370 420
422 371 421
423 372 422
424 373 423
425 374 424
426 375 425
427 376 426
428 377 427
429 378 428
430 379 429
431 380 430
432 381 431
433 382 432
434 383 433
435 384 434
436 385 435
437 386 436
438 387 437
439 388 438
440 389 439
441 390 440
442 391 441
443 392 442
444 393 443
445 394 444
446 395 445
447 396 446
448 397 447
449 398 448
450 399 449
451 400 450
452 401 451
453 402 452
454 403 453
455 404 454
456 405 455
457 406 456
458 407 457
459 408 458
409 460 410
410 461 411
411 462 412
412 463 413
413 464 414
414 465 415
415 466 416
416 467 417
417 468 418
418 469 419
419 470 420
420 471 421
421 472 422
422 473 423
423 474 424
424 475 425
425 476 426
426 477 427
427 478 428
428 479 429
429 480 430
430 481 431
431 482 432
432 483 433
433 484 434
434 485 435
435 486 436
436 487 437
437 488 438
438 489 439
439 490 440
440 491 441
441 492 442
442 493 443
443 494 444
444 495 445
445 496 446
446 497 447
447 498 448
448 499 449
449 500 450
450 501 451
451 502 452
452 503 453
453 504 454
454 505 455
455 506 456
456 507 457
457 508 458
458 509 459
461 410 460
462 411 461
463 412 462
464 413 463
465 414 464
466 415 465
467 416 466
468 417 467
469 418 468
470 419 469
471 420 470
472 421 471
473 422 472
474 423 473
475 424 474
476 425 475
477 426 476
478 427 477
479 428 478
480 429 479
481 430 480
482 431 481
483 432 482
484 433 483
485 434 484
486 435 485
487 436 486
488 437 487
489 438 488
490 439 489
491 440 490
492 441 491
493 442 492
494 443 493
495 444 494
496 445 495
497 446 496
498 447 497
499 448 498
500 449 499
501 450 500
502 451 501
503 452 502
504 453 503
505 454 504
506 455 505
507 456 506
508 457 507
509 458 508
510 459 509
460 511 461
461 512 462
462 513 463
463 514 464
464 515 465
465 516 466
466 517 467
467 518 468
468 519 469
469 520 470
470 521 471
471 522 472
472 523 473
473 524 474
474 525 475
475 526 476
476 527 477
477 528 478
478 529 479
479 530 480
480 531 481
481 532 482
482 533 483
483 534 484
484 535 485
485 536 486
486 537 487
487 538 488
488 539 489
489 540 490
490 541 491
491 542 492
492 543 493
493 544 494
494 545 495
495 546 496
496 547 497
497 548 498
498 549 499
499 550 500
500 551 501
501 552 502
502 553 503
503 554 504
504 555 505
505 556 506
506 557 507
507 558 508
508 559 509
509 560 510
512 461 511
513 462 512
514 463 513
515 464 514
516 465 515
517 466 516
518 467 517
519 468 518
520 469 519
521 470 520
522 471 521
523 472 522
524 473 523
525 474 524
526 475 525
527 476 526
528 477 527
529 478 528
530 479 529
531 480 530
532 481 531
533 482 532
534 483 533
535 484 534
536 485 535
537 486 536
538 487 537
539 488 538
540 489 539
541 490 540
542 491 541
543 492 542
544 493 543
545 494 544
546 495 545
547 496 546
548 497 547
549 498 548
550 499 549
551 500 550
552 501 551
553 502 552
554 503 553
555 504 554
556 505 555
557 506 556
558 507 557
559 508 558
560 509 559
561 510 560
511 562 512
512 563 513
513 564 514
514 565 515
515 566 516
516 567 517
517 568 518
518 569 519
519 570 520
520 571 521
521 572 522
522 573 523
523 574 524
524 575 525
525 576 526
526 577 527
527 578 528
528 579 529
529 580 530
530 581 531
531 582 532
532 583 533
533 584 534
534 585 535
535 586 536
536 587 537
537 588 538
538 589 539
539 590 540
540 591 541
541 592 542
542 593 543
543 594 544
544 595 545
545 596 546
546 597 547
547 598 548
548 599 549
549 600 550
550 601 551
551 602 552
552 603 553
553 604 554
554 605 555
555 606 556
556 607 557
557 608 558
558 609 559
559 610 560
560 611 561
563 512 562
564 513 563
565 514 564
566 515 565
567 516 566
568 517 567
569 518 568
570 519 569
571 520 570
572 521 571
573 522 572
574 523 573
575 524 574
576 525 575
577 526 576
578 527 577
579 528 578
580 529 579
581 530 580
582 531 581
583 532 582
584 533 583
585 534 584
586 535 585
587 536 586
588 537 587
589 538 588
590 539 589
591 540 590
592 541 591
593 542 592
594 543 593
595 544 594
596 545 595
597 546 596
598 547 597
599 548 598
600 549 599
601 550 600
602 551 601
603 552 602
604 553 603
605 554 604
606 555 605
607 556 606
608 557 607
609 558 608
610 559 609
611 560 610
612 561 611
562 613 563
563 614 564
564 615 565
565 616 566
566 617 567
567 618 568
568 619 569
569 620 570
570 621 571
571 622 572
572 623 573
573 624 574
574 625 575
575 626 576
576 627 577
577 628 578
578 629 579
579 630 580
580 631 581
581 632 582
582 633 583
583 634 584
584 635 585
585 636 586
586 637 587
587 638 588
588 639 589
589 640 590
590 641 591
591 642 592
592 643 593
593 644 594
594 645 595
595 646 596
596 647 597
597 648 598
598 649 599
599 650 600
600 651 601
601 652 602
602 653 603
603 654 604
604 655 605
605 656 606
606 657 607
607 658 608
608 659 609
609 660 610
610 661 611
611 662 612
614 563 613
615 564 614
616 565 615
617 566 616
618 567 617
619 568 618
620 569 619
621 570 620
622 571 621
623 572 622
624 573 623
625 574 624
626 575 625
627 576 626
628 577 627
629 578 628
630 579 629
631 580 630
632 581 631
633 582 632
634 583 633
635 584 634
636 585 635
637 586 636
638 587 637
639 588 638
640 589 639
641 590 640
642 591 641
643 592 642
644 593 643
645 594 644
646 595 645
647 596 646
648 597 647
649 598 648
650 599 649
651 600 650
652 601 651
653 602 652
654 603 653
655 604 654
656 605 655
657 606 656
658 607 657
659 608 658
660 609 659
661 610 660
662 611 661
663 612 662
613 664 614
614 665 615
615 666 616
616 667 617
617 668 618
618 669 619
619 670 620
620 671 621
621 672 622
622 673 623
623 674 624
624 675 625
625 676 626
626 677 627
627 678 628
628 679 629
629 680 630
630 681 631
631 682 632
632 683 633
633 684 634
634 685 635
635 686 636
636 687 637
637 688 638
638 689 639
639 690 640
640 691 641
641 692 642
642 693 643
643 694 644
644 695 645
645 696 646
646 697 647
647 698 648
648 699 649
649 700 650
650 701 651
651 702 652
652 703 653
653 704 654
654 705 655
655 706 656
656 707 657
657 708 658
658 709 659
659 710 660
660 711 661
661 712 662
662 713 663
665 614 664
666 615 665
667 616 666
668 617 667
669 618 668
670 619 669
671 620 670
672 621 671
673 622 672
674 623 673
675 624 674
676 625 675
677 626 676
678 627 677
679 628 678
680 629 679
681 630 680
682 631 681
683 632 682
684 633 683
685 634 684
686 635 685
687 636 686
688 637 687
689 638 688
690 639 689
691 640 690
692 641 691
693 642 692
694 643 693
695 644 694
696 645 695
697 646 696
698 647 697
699 648 698
700 649 699
701 650 700
702 651 701
703 652 702
704 653 703
705 654 704
706 655 705
707 656 706
708 657 707
709 658 708
710 659 709
711 660 710
712 661 711
713 662 712
714 663 713
664 715 665
665 716 666
666 717 667
667 718 668
668 719 669
669 720 670
670 721 671
671 722 672
672 723 673
673 724 674
674 725 675
675 726 676
676 727 677
677 728 678
678 729 679
679 730 680
680 731 681
681 732 682
682 733 683
683 734 684
684 735 685
685 736 686
686 737 687
687 738 688
688 739 689
689 740 690
690 741 691
691 742 692
692 743 693
693 744 694
694 745 695
695 746 696
696 747 697
697 748 698
698 749 699
699 750 700
700 751 701
701 752 702
702 753 703
703 754 704
704 755 705
705 756 706
706 757 707
707 758 708
708 759 709
709 760 710
710 761 711
711 762 712
712 763 713
713 764 714
716 665 715
717 666 716
718 667 717
719 668 718
720 669 719
721 670 720
722 671 721
723 672 722
724 673 723
725 674 724
726 675 725
727 676 726
728 677 727
729 678 728
730 679 729
731 680 730
732 681 731
733 682 732
734 683 733
735 684 734
736 685 735
737 686 736
738 687 737
739 688 738
740 689 739
741 690 740
742 691 741
743 692 742
744 693 743
745 694 744
746 695 745
747 696 746
748 697 747
749 698 748
750 699 749
751 700 750
752 701 751
753 702 752
754 703 753
755 704 754
756 705 755
757 706 756
758 707 757
759 708 758
760 709 759
761 710 760
762 711 761
763 712 762
764 713 763
765 714 764
715 766 716
716 767 717
717 768 718
718 769 719
719 770 720
720 771 721
721 772 722
722 773 723
723 774 724
724 775 725
725 776 726
726 777 727
727 778 728
728 779 729
729 780 730
730 781 731
731 782 732
732 783 733
733 784 734
734 785 735
735 786 736
736 787 737
737 788 738
738 789 739
739 790 740
740 791 741
741 792 742
742 793 743
743 794 744
744 795 745
745 796 746
746 797 747
747 798 748
748 799 749
749 800 750
750 801 751
751 802 752
752 803 753
753 804 754
754 805 755
755 806 756
756 807 757
757 808 758
758 809 759
759 810 760
760 811 761
761 812 762
762 813 763
763 814 764
764 815 765
767 716 766
768 717 767
769 718 768
770 719 769
771 720 770
772 721 771
773 722 772
774 723 773
775 724 774
776 725 775
777 726 776
778 727 777
779 728 778
780 729 779
781 730 780
782 731 781
783 732 782
784 733 783
785 734 784
786 735 785
787 736 786
788 737 787
789 738 788
790 739 789
791 740 790
792 741 791
793 742 792
794 743 793
795 744 794
796 745 795
797 746 796
798 747 797
799 748 798
800 749 799
801 750 800
802 751 801
803 752 802
804 753 803
805 754 804
806 755 805
807 756 806
808 757 807
809 758 808
810 759 809
811 760 810
812 761 811
813 762 812
814 763 813
815 764 814
816 765 815
766 817 767
767 818 768
768 819 769
769 820 770
770 821 771
771 822 772
772 823 773
773 824 774
774 825 775
775 826 776
776 827 777
777 828 778
778 829 779
779 830 780
780 831 781
781 832 782
782 833 783
783 834 784
784 835 785
785 836 786
786 837 787
787 838 788
788 839 789
789 840 790
790 841 791
791 842 792
792 843 793
793 844 794
794 845 795
795 846 796
796 847 797
797 848 798
798 849 799
799 850 800
800 851 801
801 852 802
802 853 803
803 854 804
804 855 805
805 856 806
806 857 807
807 858 808
808 859 809
809 860 810
810 861 811
811 862 812
812 863 813
813 864 814
814 865 815
815 866 816
818 767 817
819 768 818
820 769 819
821 770 820
822 771 821
823 772 822
824 773 823
825 774 824
826 775 825
827 776 826
828 777 827
829 778 828
830 779 829
831 780 830
832 781 831
833 782 832
834 783 833
835 784 834
836 785 835
837 786 836
838 787 837
839 788 838
840 789 839
841 790 840
842 791 841
843 792 842
844 793 843
845 794 844
846 795 845
847 796 846
848 797 847
849 798 848
850 799 849
851 800 850
852 801 851
853 802 852
854 803 853
855 804 854
856 805 855
857 806 856
858 807 857
859 808 858
860 809 859
861 810 860
862 811 861
863 812 862
864 813 863
865 814 864
866 815 865
867 816 866
817 868 818
818 869 819
819 870 820
820 871 821
821 872 822
822 873 823
823 874 824
824 875 825
825 876 826
826 877 827
827 878 828
828 879 829
829 880 830
830 881 831
831 882 832
832 883 833
833 884 834
834 885 835
835 886 836
836 887 837
837 888 838
838 889 839
839 890 840
840 891 841
841 892 842
842 893 843
843 894 844
844 895 845
845 896 846
846 897 847
847 898 848
848 899 849
849 900 850
850 901 851
851 902 852
852 903 853
853 904 854
854 905 855
855 906 856
856 907 857
857 908 858
858 909 859
859 910 860
860 911 861
861 912 862
862 913 863
863 914 864
864 915 865
865 916 866
866 917 867
869 818 868
870 819 869
871 820 870
872 821 871
873 822 872
874 823 873
875 824 874
876 825 875
877 826 876
878 827 877
879 828 878
880 829 879
881 830 880
882 831 881
883 832 882
884 833 883
885 834 884
886 835 885
887 836 886
888 837 887
889 838 888
890 839 889
891 840 890
892 841 891
893 842 892
894 843 893
895 844 894
896 845 895
897 846 896
898 847 897
899 848 898
900 849 899
901 850 900
902 851 901
903 852 902
904 853 903
905 854 904
906 855 905
907 856 906
908 857 907
909 858 908
910 859 909
911 860 910
912 861 911
913 862 912
914 863 913
915 864 914
916 865 915
917 866 916
918 867 917
868 919 869
869 920 870
870 921 871
871 922 872
872 923 873
873 924 874
874 925 875
875 926 876
876 927 877
877 928 878
878 929 879
879 930 880
880 931 881
881 932 882
882 933 883
883 934 884
884 935 885
885 936 886
886 937 887
887 938 888
888 939 889
889 940 890
890 941 891
891 942 892
892 943 893
893 944 894
894 945 895
895 946 896
896 947 897
897 948 898
898 949 899
899 950 900
900 951 901
901 952 902
902 953 903
903 954 904
904 955 905
905 956 906
906 957 907
907 958 908
908 959 909
909 960 910
910 961 911
911 962 912
912 963 913
913 964 914
914 965 915
915 966 916
916 967 917
917 968 918
920 869 919
921 870 920
922 871 921
923 872 922
924 873 923
925 874 924
926 875 925
927 876 926
928 877 927
929 878 928
930 879 929
931 880 930
932 881 931
933 882 932
934 883 933
935 884 934
936 885 935
937 886 936
938 887 937
939 888 938
940 889 939
941 890 940
942 891 941
943 892 942
944 893 943
945 894 944
946 895 945
947 896 946
948 897 947
949 898 948
950 899 949
951 900 950
952 901 951
953 902 952
954 903 953
955 904 954
956 905 955
957 906 956
958 907 957
959 908 958
960 909 959
961 910 960
962 911 961
963 912 962
964 913 963
965 914 964
966 915 965
967 916 966
968 917 967
969 918 968
919 970 920
920 971 921
921 972 922
922 973 923
923 974 924
924 975 925
925 976 926
926 977 927
927 978 928
928 979 929
929 980 930
930 981 931
931 982 932
932 983 933
933 984 934
934 985 935
935 986 936
936 987 937
937 988 938
938 989 939
939 990 940
940 991 941
941 992 942
942 993 943
943 994 944
944 995 945
945 996 946
946 997 947
947 998 948
948 999 949
949 1000 950
950 1001 951
951 1002 952
952 1003 953
953 1004 954
954 1005 955
955 1006 956
956 1007 957
957 1008 958
958 1009 959
959 1010 960
960 1011 961
961 1012 962
962 1013 963
963 1014 964
964 1015 965
965 1016 966
966 1017 967
967 1018 968
968 1019 969
971 920 970
972 921 971
973 922 972
974 923 973
975 924 974
976 925 975
977 926 976
978 927 977
979 928 978
980 929 979
981 930 980
982 931 981
983 932 982
984 933 983
985 934 984
986 935 985
987 936 986
988 937 987
989 938 988
990 939 989
991 940 990
992 941 991
993 942 992
994 943 993
995 944 994
996 945 995
997 946 996
998 947 997
999 948 998
1000 949 999
1001 950 1000
1002 951 1001
1003 952 1002
1004 953 1003
1005 954 1004
1006 955 1005
1007 956 1006
1008 957 1007
1009 958 1008
1010 959 1009
1011 960 1010
1012 961 1011
1013 962 1012
1014 963 1013
1015 964 1014
1016 965 1015
1017 966 1016
1018 967 1017
1019 968 1018
1020 969 1019
970 1021 971
971 1022 972
972 1023 973
973 1024 974
974 1025 975
975 1026 976
976 1027 977
977 1028 978
978 1029 979
979 1030 980
980 1031 981
981 1032 982
982 1033 983
983 1034 984
984 1035 985
985 1036 986
986 1037 987
987 1038 988
988 1039 989
989 1040 990
990 1041 991
991 1042 992
992 1043 993
993 1044 994
994 1045 995
995 1046 996
996 1047 997
997 1048 998
998 1049 999
999 1050 1000
1000 1051 1001
1001 1052 1002
1002 1053 1003
1003 1054 1004
1004 1055 1005
1005 1056 1006
1006 1057 1007
1007 1058 1008
1008 1059 1009
1009 1060 1010
1010 1061 1011
1011 1062 1012
1012 1063 1013
1013 1064 1014
1014 1065 1015
1015 1066 1016
1016 1067 1017
1017 1068 1018
1018 1069 1019
1019 1070 1020
1022 971 1021
1023 972 1022
1024 973 1023
1025 974 1024
1026 975 1025
1027 976 1026
1028 977 1027
1029 978 1028
1030 979 1029
1031 980 1030
1032 981 1031
1033 982 1032
1034 983 1033
1035 984 1034
1036 985 1035
1037 986 1036
1038 987 1037
1039 988 1038
1040 989 1039
1041 990 1040
1042 991 1041
1043 992 1042
1044 993 1043
1045 994 1044
1046 995 1045
1047 996 1046
1048 997 1047
1049 998 1048
1050 999 1049
1051 1000 1050
1052 1001 1051
1053 1002 1052
1054 1003 1053
1055 1004 1054
1056 1005 1055
1057 1006 1056
1058 1007 1057
1059 1008 1058
1060 1009 1059
1061 1010 1060
1062 1011 1061
1063 1012 1062
1064 1013 1063
1065 1014 1064
1066 1015 1065
1067 1016 1066
1068 1017 1067
1069 1018 1068
1070 1019 1069
1071 1020 1070
1021 1072 1022
1022 1073 1023
1023 1074 1024
1024 1075 1025
1025 1076 1026
1026 1077 1027
1027 1078 1028
1028 1079 1029
1029 1080 1030
1030 1081 1031
1031 1082 1032
1032 1083 1033
1033 1084 1034
1034 1085 1035
1035 1086 1036
1036 1087 1037
1037 1088 1038
1038 1089 1039
1039 1090 1040
1040 1091 1041
1041 1092 1042
1042 1093 1043
1043 1094 1044
1044 1095 1045
1045 1096 1046
1046 1097 1047
1047 1098 1048
1048 1099 1049
1049 1100 1050
1050 1101 1051
1051 1102 1052
1052 1103 1053
1053 1104 1054
1054 1105 1055
1055 1106 1056
1056 1107 1057
1057 1108 1058
1058 1109 1059
1059 1110 1060
1060 1111 1061
1061 1112 1062
1062 1113 1063
1063 1114 1064
1064 1115 1065
1065 1116 1066
1066 1117 1067
1067 1118 1068
1068 1119 1069
1069 1120 1070
1070 1121 1071
1073 1022 1072
1074 1023 1073
1075 1024 1074
1076 1025 1075
1077 1026 1076
1078 1027 1077
1079 1028 1078
1080 1029 1079
1081 1030 1080
1082 1031 1081
1083 1032 1082
1084 1033 1083
1085 1034 1084
1086 1035 1085
1087 1036 1086
1088 1037 1087
1089 1038 1088
1090 1039 1089
1091 1040 1090
1092 1041 1091
1093 1042 1092
1094 1043 1093
1095 1044 1094
1096 1045 1095
1097 1046 1096
1098 1047 1097
1099 1048 1098
1100 1049 1099
1101 1050 1100
1102 1051 1101
1103 1052 1102
1104 1053 1103
1105 1054 1104
1106 1055 1105
1107 1056 1106
1108 1057 1107
1109 1058 1108
1110 1059 1109
1111 1060 1110
1112 1061 1111
1113 1062 1112
1114 1063 1113
1115 1064 1114
1116 1065 1115
1117 1066 1116
1118 1067 1117
1119 1068 1118
1120 1069 1119
1121 1070 1120
1122 1071 1121
1072 1123 1073
1073 1124 1074
1074 1125 1075
1075 1126 1076
1076 1127 1077
1077 1128 1078
1078 1129 1079
1079 1130 1080
1080 1131 1081
1081 1132 1082
1082 1133 1083
1083 1134 1084
1084 1135 1085
1085 1136 1086
1086 1137 1087
1087 1138 1088
1088 1139 1089
1089 1140 1090
1090 1141 1091
1091 1142 1092
1092 1143 1093
1093 1144 1094
1094 1145 1095
1095 1146 1096
1096 1147 1097
1097 1148 1098
1098 1149 1099
1099 1150 1100
1100 1151 1101
1101 1152 1102
1102 1153 1103
1103 1154 1104
1104 1155 1105
1105 1156 1106
1106 1157 1107
1107 1158 1108
1108 1159 1109
1109 1160 1110
1110 1161 1111
1111 1162 1112
1112 1163 1113
1113 1164 1114
1114 1165 1115
1115 1166 1116
1116 1167 1117
1117 1168 1118
1118 1169 1119
1119 1170 1120
1120 1171 1121
1121 1172 1122
1124 1073 1123
1125 1074 1124
1126 1075 1125
1127 1076 1126
1128 1077 1127
1129 1078 1128
1130 1079 1129
1131 1080 1130
1132 1081 1131
1133 1082 1132
1134 1083 1133
1135 1084 1134
1136 1085 1135
1137 1086 1136
1138 1087 1137
1139 1088 1138
1140 1089 1139
1141 1090 1140
1142 1091 1141
1143 1092 1142
1144 1093 1143
1145 1094 1144
1146 1095 1145
1147 1096 1146
1148 1097 1147
1149 1098 1148
1150 1099 1149
1151 1100 1150
1152 1101 1151
1153 1102 1152
1154 1103 1153
1155 1104 1154
1156 1105 1155
1157 1106 1156
1158 1107 1157
1159 1108 1158
1160 1109 1159
1161 1110 1160
1162 1111 1161
1163 1112 1162
1164 1113 1163
1165 1114 1164
1166 1115 1165
1167 1116 1166
1168 1117 1167
1169 1118 1168
1170 1119 1169
1171 1120 1170
1172 1121 1171
1173 1122 1172
1123 1174 1124
1124 1175 1125
1125 1176 1126
1126 1177 1127
1127 1178 1128
1128 1179 1129
1129 1180 1130
1130 1181 1131
1131 1182 1132
1132 1183 1133
1133 1184 1134
1134 1185 1135
1135 1186 1136
1136 1187 1137
1137 1188 1138
1138 1189 1139
1139 1190 1140
1140 1191 1141
1141 1192 1142
1142 1193 1143
1143 1194 1144
1144 1195 1145
1145 1196 1146
1146 1197 1147
1147 1198 1148
1148 1199 1149
1149 1200 1150
1150 1201 1151
1151 1202 1152
1152 1203 1153
1153 1204 1154
1154 1205 1155
1155 1206 1156
1156 1207 1157
1157 1208 1158
1158 1209 1159
1159 1210 1160
1160 1211 1161
1161 1212 1162
1162 1213 1163
1163 1214 1164
1164 1215 1165
1165 1216 1166
1166 1217 1167
1167 1218 1168
1168 1219 1169
1169 1220 1170
1170 1221 1171
1171 1222 1172
1172 1223 1173
1175 1124 1174
1176 1125 1175
1177 1126 1176
1178 1127 1177
1179 1128 1178
1180 1129 1179
1181 1130 1180
1182 1131 1181
1183 1132 1182
1184 1133 1183
1185 1134 1184
1186 1135 1185
1187 1136 1186
1188 1137 1187
1189 1138 1188
1190 1139 1189
1191 1140 1190
1192 1141 1191
1193 1142 1192
1194 1143 1193
1195 1144 1194
1196 1145 1195
1197 1146 1196
1198 1147 1197
1199 1148 1198
1200 1149 1199
1201 1150 1200
1202 1151 1201
1203 1152 1202
1204 1153 1203
1205 1154 1204
1206 1155 1205
1207 1156 1206
1208 1157 1207
1209 1158 1208
1210 1159 1209
1211 1160 1210
1212 1161 1211
1213 1162 1212
1214 1163 1213
1215 1164 1214
1216 1165 1215
1217 1166 1216
1218 1167 1217
1219 1168 1218
1220 1169 1219
1221 1170 1220
1222 1171 1221
1223 1172 1222
1224 1173 1223
1174 1225 1175
1175 1226 1176
1176 1227 1177
1177 1228 1178
1178 1229 1179
1179 1230 1180
1180 1231 1181
1181 1232 1182
1182 1233 1183
1183 1234 1184
1184 1235 1185
1185 1236 1186
1186 1237 1187
1187 1238 1188
1188 1239 1189
1189 1240 1190
1190 1241 1191
1191 1242 1192
1192 1243 1193
1193 1244 1194
1194 1245 1195
1195 1246 1196
1196 1247 1197
1197 1248 1198
1198 1249 1199
1199 1250 1200
1200 1251 1201
1201 1252 1202
1202 1253 1203
1203 1254 1204
1204 1255 1205
1205 1256 1206
1206 1257 1207
1207 1258 1208
1208 1259 1209
1209 1260 1210
1210 1261 1211
1211 1262 1212
1212 1263 1213
1213 1264 1214
1214 1265 1215
1215 1266 1216
1216 1267 1217
1217 1268 1218
1218 1269 1219
1219 1270 1220
1220 1271 1221
1221 1272 1222
1222 1273 1223
1223 1274 1224
1226 1175 1225
1227 1176 1226
1228 1177 1227
1229 1178 1228
1230 1179 1229
1231 1180 1230
1232 1181 1231
1233 1182 1232
1234 1183 1233
1235 1184 1234
1236 1185 1235
1237 1186 1236
1238 1187 1237
1239 1188 1238
1240 1189 1239
1241 1190 1240
1242 1191 1241
1243 1192 1242
1244 1193 1243
1245 1194 1244
1246 1195 1245
1247 1196 1246
1248 1197 1247
1249 1198 1248
1250 1199 1249
1251 1200 1250
1252 1201 1251
1253 1202 1252
1254 1203 1253
1255 1204 1254
1256 1205 1255
1257 1206 1256
1258 1207 1257
1259 1208 1258
1260 1209 1259
1261 1210 1260
1262 1211 1261
1263 1212 1262
1264 1213 1263
1265 1214 1264
1266 1215 1265
1267 1216 1266
1268 1217 1267
1269 1218 1268
1270 1219 1269
1271 1220 1270
1272 1221 1271
1273 1222 1272
1274 1223 1273
1275 1224 1274
1225 1276 1226
1226 1277 1227
1227 1278 1228
1228 1279 1229
1229 1280 1230
1230 1281 1231
1231 1282 1232
1232 1283 1233
1233 1284 1234
1234 1285 1235
1235 1286 1236
1236 1287 1237
1237 1288 1238
1238 1289 1239
1239 1290 1240
1240 1291 1241
1241 1292 1242
1242 1293 1243
1243 1294 1244
1244 1295 1245
1245 1296 1246
1246 1297 1247
1247 1298 1248
1248 1299 1249
1249 1300 1250
1250 1301 1251
1251 1302 1252
1252 1303 1253
1253 1304 1254
1254 1305 1255
1255 1306 1256
1256 1307 1257
1257 1308 1258
1258 1309 1259
1259 1310 1260
1260 1311 1261
1261 1312 1262
1262 1313 1263
1263 1314 1264
1264 1315 1265
1265 1316 1266
1266 1317 1267
1267 1318 1268
1268 1319 1269
1269 1320 1270
1270 1321 1271
1271 1322 1272
1272 1323 1273
1273 1324 1274
1274 1325 1275
1277 1226 1276
1278 1227 1277
1279 1228 1278
1280 1229 1279
1281 1230 1280
1282 1231 1281
1283 1232 1282
1284 1233 1283
1285 1234 1284
1286 1235 1285
1287 1236 1286
1288 1237 1287
1289 1238 1288
1290 1239 1289
1291 1240 1290
1292 1241 1291
1293 1242 1292
1294 1243 1293
1295 1244 1294
1296 1245 1295
1297 1246 1296
1298 1247 1297
1299 1248 1298
1300 1249 1299
1301 1250 1300
1302 1251 1301
1303 1252 1302
1304 1253 1303
1305 1254 1304
1306 1255 1305
1307 1256 1306
1308 1257 1307
1309 1258 1308
1310 1259 1309
1311 1260 1310
1312 1261 1311
1313 1262 1312
1314 1263 1313
1315 1264 1314
1316 1265 1315
1317 1266 1316
1318 1267 1317
1319 1268 1318
1320 1269 1319
1321 1270 1320
1322 1271 1321
1323 1272 1322
1324 1273 1323
1325 1274 1324
1326 1275 1325
1276 1327 1277
1277 1328 1278
1278 1329 1279
1279 1330 1280
1280 1331 1281
1281 1332 1282
1282 1333 1283
1283 1334 1284
1284 1335 1285
1285 1336 1286
1286 1337 1287
1287 1338 1288
1288 1339 1289
1289 1340 1290
1290 1341 1291
1291 1342 1292
1292 1343 1293
1293 1344 1294
1294 1345 1295
1295 1346 1296
1296 1347 1297
1297 1348 1298
1298 1349 1299
1299 1350 1300
1300 1351 1301
1301 1352 1302
1302 1353 1303
1303 1354 1304
1304 1355 1305
1305 1356 1306
1306 1357 1307
1307 1358 1308
1308 1359 1309
1309 1360 1310
1310 1361 1311
1311 1362 1312
1312 1363 1313
1313 1364 1314
1314 1365 1315
1315 1366 1316
1316 1367 1317
1317 1368 1318
1318 1369 1319
1319 1370 1320
1320 1371 1321
1321 1372 1322
1322 1373 1323
1323 1374 1324
1324 1375 1325
1325 1376 1326
1328 1277 1327
1329 1278 1328
1330 1279 1329
1331 1280 1330
1332 1281 1331
1333 1282 1332
1334 1283 1333
1335 1284 1334
1336 1285 1335
1337 1286 1336
1338 1287 1337
1339 1288 1338
1340 1289 1339
1341 1290 1340
1342 1291 1341
1343 1292 1342
1344 1293 1343
1345 1294 1344
1346 1295 1345
1347 1296 1346
1348 1297 1347
1349 1298 1348
1350 1299 1349
1351 1300 1350
1352 1301 1351
1353 1302 1352
1354 1303 1353
1355 1304 1354
1356 1305 1355
1357 1306 1356
1358 1307 1357
1359 1308 1358
1360 1309 1359
1361 1310 1360
1362 1311 1361
1363 1312 1362
1364 1313 1363
1365 1314 1364
1366 1315 1365
1367 1316 1366
1368 1317 1367
1369 1318 1368
1370 1319 1369
1371 1320 1370
1372 1321 1371
1373 1322 1372
1374 1323 1373
1375 1324 1374
1376 1325 1375
1377 1326 1376
1327 1378 1328
1328 1379 1329
1329 1380 1330
1330 1381 1331
1331 1382 1332
1332 1383 1333
1333 1384 1334
1334 1385 1335
1335 1386 1336
1336 1387 1337
1337 1388 1338
1338 1389 1339
1339 1390 1340
1340 1391 1341
1341 1392 1342
1342 1393 1343
1343 1394 1344
1344 1395 1345
1345 1396 1346
1346 1397 1347
1347 1398 1348
1348 1399 1349
1349 1400 1350
1350 1401 1351
1351 1402 1352
1352 1403 1353
1353 1404 1354
1354 1405 1355
1355 1406 1356
1356 1407 1357
1357 1408 1358
1358 1409 1359
1359 1410 1360
1360 1411 1361
1361 1412 1362
1362 1413 1363
1363 1414 1364
1364 1415 1365
1365 1416 1366
1366 1417 1367
1367 1418 1368
1368 1419 1369
1369 1420 1370
1370 1421 1371
1371 1422 1372
1372 1423 1373
1373 1424 1374
1374 1425 1375
1375 1426 1376
1376 1427 1377
1379 1328 1378
1380 1329 1379
1381 1330 1380
1382 1331 1381
1383 1332 1382
1384 1333 1383
1385 1334 1384
1386 1335 1385
1387 1336 1386
1388 1337 1387
1389 1338 1388
1390 1339 1389
1391 1340 1390
1392 1341 1391
1393 1342 1392
1394 1343 1393
1395 1344 1394
1396 1345 1395
1397 1346 1396
1398 1347 1397
1399 1348 1398
1400 1349 1399
1401 1350 1400
1402 1351 1401
1403 1352 1402
1404 1353 1403
1405 1354 1404
1406 1355 1405
1407 1356 1406
1408 1357 1407
1409 1358 1408
1410 1359 1409
1411 1360 1410
1412 1361 1411
1413 1362 1412
1414 1363 1413
1415 1364 1414
1416 1365 1415
1417 1366 1416
1418 1367 1417
1419 1368 1418
1420 1369 1419
1421 1370 1420
1422 1371 1421
1423 1372 1422
1424 1373 1423
1425 1374 1424
1426 1375 1425
1427 1376 1426
1428 1377 1427
1378 1429 1379
1379 1430 1380
1380 1431 1381
1381 1432 1382
1382 1433 1383
1383 1434 1384
1384 1435 1385
1385 1436 1386
1386 1437 1387
1387 1438 1388
1388 1439 1389
1389 1440 1390
1390 1441 1391
1391 1442 1392
1392 1443 1393
1393 1444 1394
1394 1445 1395
1395 1446 1396
1396 1447 1397
1397 1448 1398
1398 1449 1399
1399 1450 1400
1400 1451 1401
1401 1452 1402
1402 1453 1403
1403 1454 1404
1404 1455 1405
1405 1456 1406
1406 1457 1407
1407 1458 1408
1408 1459 1409
1409 1460 1410
1410 1461 1411
1411 1462 1412
1412 1463 1413
1413 1464 1414
1414 1465 1415
1415 1466 1416
1416 1467 1417
1417 1468 1418
1418 1469 1419
1419 1470 1420
1420 1471 1421
1421 1472 1422
1422 1473 1423
1423 1474 1424
1424 1475 1425
1425 1476 1426
1426 1477 1427
1427 1478 1428
1430 1379 1429
1431 1380 1430
1432 1381 1431
1433 1382 1432
1434 1383 1433
1435 1384 1434
1436 1385 1435
1437 1386 1436
1438 1387 1437
1439 1388 1438
1440 1389 1439
1441 1390 1440
1442 1391 1441
1443 1392 1442
1444 1393 1443
1445 1394 1444
1446 1395 1445
1447 1396 1446
1448 1397 1447
1449 1398 1448
1450 1399 1449
1451 1400 1450
1452 1401 1451
1453 1402 1452
1454 1403 1453
1455 1404 1454
1456 1405 1455
1457 1406 1456
1458 1407 1457
1459 1408 1458
1460 1409 1459
1461 1410 1460
1462 1411 1461
1463 1412 1462
1464 1413 1463
1465 1414 1464
1466 1415 1465
1467 1416 1466
1468 1417 1467
1469 1418 1468
1470 1419 1469
1471 1420 1470
1472 1421 1471
1473 1422 1472
1474 1423 1473
1475 1424 1474
1476 1425 1475
1477 1426 1476
1478 1427 1477
1479 1428 1478
1429 1480 1430
1430 1481 1431
1431 1482 1432
1432 1483 1433
1433 1484 1434
1434 1485 1435
1435 1486 1436
1436 1487 1437
1437 1488 1438
1438 1489 1439
1439 1490 1440
1440 1491 1441
1441 1492 1442
1442 1493 1443
1443 1494 1444
1444 1495 1445
1445 1496 1446
1446 1497 1447
1447 1498 1448
1448 1499 1449
1449 1500 1450
1450 1501 1451
1451 1502 1452
1452 1503 1453
1453 1504 1454
1454 1505 1455
1455 1506 1456
1456 1507 1457
1457 1508 1458
1458 1509 1459
1459 1510 1460
1460 1511 1461
1461 1512 1462
1462 1513 1463
1463 1514 1464
1464 1515 1465
1465 1516 1466
1466 1517 1467
1467 1518 1468
1468 1519 1469
1469 1520 1470
1470 1521 1471
1471 1522 1472
1472 1523 1473
1473 1524 1474
1474 1525 1475
1475 1526 1476
1476 1527 1477
1477 1528 1478
1478 1529 1479
1481 1430 1480
1482 1431 1481
1483 1432 1482
1484 1433 1483
1485 1434 1484
1486 1435 1485
1487 1436 1486
1488 1437 1487
1489 1438 1488
1490 1439 1489
1491 1440 1490
1492 1441 1491
1493 1442 1492
1494 1443 1493
1495 1444 1494
1496 1445 1495
1497 1446 1496
1498 1447 1497
1499 1448 1498
1500 1449 1499
1501 1450 1500
1502 1451 1501
1503 1452 1502
1504 1453 1503
1505 1454 1504
1506 1455 1505
1507 1456 1506
1508 1457 1507
1509 1458 1508
1510 1459 1509
1511 1460 1510
1512 1461 1511
1513 1462 1512
1514 1463 1513
1515 1464 1514
1516 1465 1515
1517 1466 1516
1518 1467 1517
1519 1468 1518
1520 1469 1519
1521 1470 1520
1522 1471 1521
1523 1472 1522
1524 1473 1523
1525 1474 1524
1526 1475 1525
1527 1476 1526
1528 1477 1527
1529 1478 1528
1530 1479 1529
1480 1531 1481
1481 1532 1482
1482 1533 1483
1483 1534 1484
1484 1535 1485
1485 1536 1486
1486 1537 1487
1487 1538 1488
1488 1539 1489
1489 1540 1490
1490 1541 1491
1491 1542 1492
1492 1543 1493
1493 1544 1494
1494 1545 1495
1495 1546 1496
1496 1547 1497
1497 1548 1498
1498 1549 1499
1499 1550 1500
1500 1551 1501
1501 1552 1502
1502 1553 1503
1503 1554 1504
1504 1555 1505
1505 1556 1506
1506 1557 1507
1507 1558 1508
1508 1559 1509
1509 1560 1510
1510 1561 1511
1511 1562 1512
1512 1563 1513
1513 1564 1514
1514 1565 1515
1515 1566 1516
1516 1567 1517
1517 1568 1518
1518 1569 1519
1519 1570 1520
1520 1571 1521
1521 1572 1522
1522 1573 1523
1523 1574 1524
1524 1575 1525
1525 1576 1526
1526 1577 1527
1527 1578 1528
1528 1579 1529
1529 1580 1530
1532 1481 1531
1533 1482 1532
1534 1483 1533
1535 1484 1534
1536 1485 1535
1537 1486 1536
1538 1487 1537
1539 1488 1538
1540 1489 1539
1541 1490 1540
1542 1491 1541
1543 1492 1542
1544 1493 1543
1545 1494 1544
1546 1495 1545
1547 1496 1546
1548 1497 1547
1549 1498 1548
1550 1499 1549
1551 1500 1550
1552 1501 1551
1553 1502 1552
1554 1503 1553
1555 1504 1554
1556 1505 1555
1557 1506 1556
1558 1507 1557
1559 1508 1558
1560 1509 1559
1561 1510 1560
1562 1511 1561
1563 1512 1562
1564 1513 1563
1565 1514 1564
1566 1515 1565
1567 1516 1566
1568 1517 1567
1569 1518 1568
1570 1519 1569
1571 1520 1570
1572 1521 1571
1573 1522 1572
1574 1523 1573
1575 1524 1574
1576 1525 1575
1577 1526 1576
1578 1527 1577
1579 1528 1578
1580 1529 1579
1581 1530 1580
1531 1582 1532
1532 1583 1533
1533 1584 1534
1534 1585 1535
1535 1586 1536
1536 1587 1537
1537 1588 1538
1538 1589 1539
1539 1590 1540
1540 1591 1541
1541 1592 1542
1542 1593 1543
1543 1594 1544
1544 1595 1545
1545 1596 1546
1546 1597 1547
1547 1598 1548
1548 1599 1549
1549 1600 1550
1550 1601 1551
1551 1602 1552
1552 1603 1553
1553 1604 1554
1554 1605 1555
1555 1606 1556
1556 1607 1557
1557 1608 1558
1558 1609 1559
1559 1610 1560
1560 1611 1561
1561 1612 1562
1562 1613 1563
1563 1614 1564
1564 1615 1565
1565 1616 1566
1566 1617 1567
1567 1618 1568
1568 1619 1569
1569 1620 1570
1570 1621 1571
1571 1622 1572
1572 1623 1573
1573 1624 1574
1574 1625 1575
1575 1626 1576
1576 1627 1577
1577 1628 1578
1578 1629 1579
1579 1630 1580
1580 1631 1581
1583 1532 1582
1584 1533 1583
1585 1534 1584
1586 1535 1585
1587 1536 1586
1588 1537 1587
1589 1538 1588
1590 1539 1589
1591 1540 1590
1592 1541 1591
1593 1542 1592
1594 1543 1593
1595 1544 1594
1596 1545 1595
1597 1546 1596
1598 1547 1597
1599 1548 1598
1600 1549 1599
1601 1550 1600
1602 1551 1601
1603 1552 1602
1604 1553 1603
1605 1554 1604
1606 1555 1605
1607 1556 1606
1608 1557 1607
1609 1558 1608
1610 1559 1609
1611 1560 1610
1612 1561 1611
1613 1562 1612
1614 1563 1613
1615 1564 1614
1616 1565 1615
1617 1566 1616
1618 1567 1617
1619 1568 1618
1620 1569 1619
1621 1570 1620
1622 1571 1621
1623 1572 1622
1624 1573 1623
1625 1574 1624
1626 1575 1625
1627 1576 1626
1628 1577 1627
1629 1578 1628
1630 1579 1629
1631 1580 1630
1632 1581 1631
1582 1633 1583
1583 1634 1584
1584 1635 1585
1585 1636 1586
1586 1637 1587
1587 1638 1588
1588 1639 1589
1589 1640 1590
1590 1641 1591
1591 1642 1592
1592 1643 1593
1593 1644 1594
1594 1645 1595
1595 1646 1596
1596 1647 1597
1597 1648 1598
1598 1649 1599
1599 1650 1600
1600 1651 1601
1601 1652 1602
1602 1653 1603
1603 1654 1604
1604 1655 1605
1605 1656 1606
1606 1657 1607
1607 1658 1608
1608 1659 1609
1609 1660 1610
1610 1661 1611
1611 1662 1612
1612 1663 1613
1613 1664 1614
1614 1665 1615
1615 1666 1616
1616 1667 1617
1617 1668 1618
1618 1669 1619
1619 1670 1620
1620 1671 1621
1621 1672 1622
1622 1673 1623
1623 1674 1624
1624 1675 1625
1625 1676 1626
1626 1677 1627
1627 1678 1628
1628 1679 1629
1629 1680 1630
1630 1681 1631
1631 1682 1632
1634 1583 1633
1635 1584 1634
1636 1585 1635
1637 1586 1636
1638 1587 1637
1639 1588 1638
1640 1589 1639
1641 1590 1640
1642 1591 1641
1643 1592 1642
1644 1593 1643
1645 1594 1644
1646 1595 1645
1647 1596 1646
1648 1597 1647
1649 1598 1648
1650 1599 1649
1651 1600 1650
1652 1601 1651
1653 1602 1652
1654 1603 1653
1655 1604 1654
1656 1605 1655
1657 1606 1656
1658 1607 1657
1659 1608 1658
1660 1609 1659
1661 1610 1660
1662 1611 1661
1663 1612 1662
1664 1613 1663
1665 1614 1664
1666 1615 1665
1667 1616 1666
1668 1617 1667
1669 1618 1668
1670 1619 1669
1671 1620 1670
1672 1621 1671
1673 1622 1672
1674 1623 1673
1675 1624 1674
1676 1625 1675
1677 1626 1676
1678 1627 1677
1679 1628 1678
1680 1629 1679
1681 1630 1680
1682 1631 1681
1683 1632 1682
1633 1684 1634
1634 1685 1635
1635 1686 1636
1636 1687 1637
1637 1688 1638
1638 1689 1639
1639 1690 1640
1640 1691 1641
1641 1692 1642
1642 1693 1643
1643 1694 1644
1644 1695 1645
1645 1696 1646
1646 1697 1647
1647 1698 1648
1648 1699 1649
1649 1700 1650
1650 1701 1651
1651 1702 1652
1652 1703 1653
1653 1704 1654
1654 1705 1655
1655 1706 1656
1656 1707 1657
1657 1708 1658
1658 1709 1659
1659 1710 1660
1660 1711 1661
1661 1712 1662
1662 1713 1663
1663 1714 1664
1664 1715 1665
1665 1716 1666
1666 1717 1667
1667 1718 1668
1668 1719 1669
1669 1720 1670
1670 1721 1671
1671 1722 1672
1672 1723 1673
1673 1724 1674
1674 1725 1675
1675 1726 1676
1676 1727 1677
1677 1728 1678
1678 1729 1679
1679 1730 1680
1680 1731 1681
1681 1732 1682
1682 1733 1683
1685 1634 1684
1686 1635 1685
1687 1636 1686
1688 1637 1687
1689 1638 1688
1690 1639 1689
1691 1640 1690
1692 1641 1691
1693 1642 1692
1694 1643 1693
1695 1644 1694
1696 1645 1695
1697 1646 1696
1698 1647 1697
1699 1648 1698
1700 1649 1699
1701 1650 1700
1702 1651 1701
1703 1652 1702
1704 1653 1703
1705 1654 1704
1706 1655 1705
1707 1656 1706
1708 1657 1707
1709 1658 1708
1710 1659 1709
1711 1660 1710
1712 1661 1711
1713 1662 1712
1714 1663 1713
1715 1664 1714
1716 1665 1715
1717 1666 1716
1718 1667 1717
1719 1668 1718
1720 1669 1719
1721 1670 1720
1722 1671 1721
1723 1672 1722
1724 1673 1723
1725 1674 1724
1726 1675 1725
1727 1676 1726
1728 1677 1727
1729 1678 1728
1730 1679 1729
1731 1680 1730
1732 1681 1731
1733 1682 1732
1734 1683 1733
1684 1735 1685
1685 1736 1686
1686 1737 1687
1687 1738 1688
1688 1739 1689
1689 1740 1690
1690 1741 1691
1691 1742 1692
1692 1743 1693
1693 1744 1694
1694 1745 1695
1695 1746 1696
1696 1747 1697
1697 1748 1698
1698 1749 1699
1699 1750 1700
1700 1751 1701
1701 1752 1702
1702 1753 1703
1703 1754 1704
1704 1755 1705
1705 1756 1706
1706 1757 1707
1707 1758 1708
1708 1759 1709
1709 1760 1710
1710 1761 1711
1711 1762 1712
1712 1763 1713
1713 1764 1714
1714 1765 1715
1715 1766 1716
1716 1767 1717
1717 1768 1718
1718 1769 1719
1719 1770 1720
1720 1771 1721
1721 1772 1722
1722 1773 1723
1723 1774 1724
1724 1775 1725
1725 1776 1726
1726 1777 1727
1727 1778 1728
1728 1779 1729
1729 1780 1730
1730 1781 1731
1731 1782 1732
1732 1783 1733
1733 1784 1734
1736 1685 1735
1737 1686 1736
1738 1687 1737
1739 1688 1738
1740 1689 1739
1741 1690 1740
1742 1691 1741
1743 1692 1742
1744 1693 1743
1745 1694 1744
1746 1695 1745
1747 1696 1746
1748 1697 1747
1749 1698 1748
1750 1699 1749
1751 1700 1750
1752 1701 1751
1753 1702 1752
1754 1703 1753
1755 1704 1754
1756 1705 1755
1757 1706 1756
1758 1707 1757
1759 1708 1758
1760 1709 1759
1761 1710 1760
1762 1711 1761
1763 1712 1762
1764 1713 1763
1765 1714 1764
1766 1715 1765
1767 1716 1766
1768 1717 1767
1769 1718 1768
1770 1719 1769
1771 1720 1770
1772 1721 1771
1773 1722 1772
1774 1723 1773
1775 1724 1774
1776 1725 1775
1777 1726 1776
1778 1727 1777
1779 1728 1778
1780 1729 1779
1781 1730 1780
1782 1731 1781
1783 1732 1782
1784 1733 1783
1785 1734 1784
1735 1786 1736
1736 1787 1737
1737 1788 1738
1738 1789 1739
1739 1790 1740
1740 1791 1741
1741 1792 1742
1742 1793 1743
1743 1794 1744
1744 1795 1745
1745 1796 1746
1746 1797 1747
1747 1798 1748
1748 1799 1749
1749 1800 1750
1750 1801 1751
1751 1802 1752
1752 1803 1753
1753 1804 1754
1754 1805 1755
1755 1806 1756
1756 1807 1757
1757 1808 1758
1758 1809 1759
1759 1810 1760
1760 1811 1761
1761 1812 1762
1762 1813 1763
1763 1814 1764
1764 1815 1765
1765 1816 1766
1766 1817 1767
1767 1818 1768
1768 1819 1769
1769 1820 1770
1770 1821 1771
1771 1822 1772
1772 1823 1773
1773 1824 1774
1774 1825 1775
1775 1826 1776
1776 1827 1777
1777 1828 1778
1778 1829 1779
1779 1830 1780
1780 1831 1781
1781 1832 1782
1782 1833 1783
1783 1834 1784
1784 1835 1785
1787 1736 1786
1788 1737 1787
1789 1738 1788
1790 1739 1789
1791 1740 1790
1792 1741 1791
1793 1742 1792
1794 1743 1793
1795 1744 1794
1796 1745 1795
1797 1746 1796
1798 1747 1797
1799 1748 1798
1800 1749 1799
1801 1750 1800
1802 1751 1801
1803 1752 1802
1804 1753 1803
1805 1754 1804
1806 1755 1805
1807 1756 1806
1808 1757 1807
1809 1758 1808
1810 1759 1809
1811 1760 1810
1812 1761 1811
1813 1762 1812
1814 1763 1813
1815 1764 1814
1816 1765 1815
1817 1766 1816
1818 1767 1817
1819 1768 1818
1820 1769 1819
1821 1770 1820
1822 1771 1821
1823 1772 1822
1824 1773 1823
1825 1774 1824
1826 1775 1825
1827 1776 1826
1828 1777 1827
1829 1778 1828
1830 1779 1829
1831 1780 1830
1832 1781 1831
1833 1782 1832
1834 1783 1833
1835 1784 1834
1836 1785 1835
1786 1837 1787
1787 1838 1788
1788 1839 1789
1789 1840 1790
1790 1841 1791
1791 1842 1792
1792 1843 1793
1793 1844 1794
1794 1845 1795
1795 1846 1796
1796 1847 1797
1797 1848 1798
1798 1849 1799
1799 1850 1800
1800 1851 1801
1801 1852 1802
1802 1853 1803
1803 1854 1804
1804 1855 1805
1805 1856 1806
1806 1857 1807
1807 1858 1808
1808 1859 1809
1809 1860 1810
1810 1861 1811
1811 1862 1812
1812 1863 1813
1813 1864 1814
1814 1865 1815
1815 1866 1816
1816 1867 1817
1817 1868 1818
1818 1869 1819
1819 1870 1820
1820 1871 1821
1821 1872 1822
1822 1873 1823
1823 1874 1824
1824 1875 1825
1825 1876 1826
1826 1877 1827
1827 1878 1828
1828 1879 1829
1829 1880 1830
1830 1881 1831
1831 1882 1832
1832 1883 1833
1833 1884 1834
1834 1885 1835
1835 1886 1836
1838 1787 1837
1839 1788 1838
1840 1789 1839
1841 1790 1840
1842 1791 1841
1843 1792 1842
1844 1793 1843
1845 1794 1844
1846 1795 1845
1847 1796 1846
1848 1797 1847
1849 1798 1848
1850 1799 1849
1851 1800 1850
1852 1801 1851
1853 1802 1852
1854 1803 1853
1855 1804 1854
1856 1805 1855
1857 1806 1856
1858 1807 1857
1859 1808 1858
1860 1809 1859
1861 1810 1860
1862 1811 1861
1863 1812 1862
1864 1813 1863
1865 1814 1864
1866 1815 1865
1867 1816 1866
1868 1817 1867
1869 1818 1868
1870 1819 1869
1871 1820 1870
1872 1821 1871
1873 1822 1872
1874 1823 1873
1875 1824 1874
1876 1825 1875
1877 1826 1876
1878 1827 1877
1879 1828 1878
1880 1829 1879
1881 1830 1880
1882 1831 1881
1883 1832 1882
1884 1833 1883
1885 1834 1884
1886 1835 1885
1887 1836 1886
1837 1888 1838
1838 1889 1839
1839 1890 1840
1840 1891 1841
1841 1892 1842
1842 1893 1843
1843 1894 1844
1844 1895 1845
1845 1896 1846
1846 1897 1847
1847 1898 1848
1848 1899 1849
1849 1900 1850
1850 1901 1851
1851 1902 1852
1852 1903 1853
1853 1904 1854
1854 1905 1855
1855 1906 1856
1856 1907 1857
1857 1908 1858
1858 1909 1859
1859 1910 1860
1860 1911 1861
1861 1912 1862
1862 1913 1863
1863 1914 1864
1864 1915 1865
1865 1916 1866
1866 1917 1867
1867 1918 1868
1868 1919 1869
1869 1920 1870
1870 1921 1871
1871 1922 1872
1872 1923 1873
1873 1924 1874
1874 1925 1875
1875 1926 1876
1876 1927 1877
1877 1928 1878
1878 1929 1879
1879 1930 1880
1880 1931 1881
1881 1932 1882
1882 1933 1883
1883 1934 1884
1884 1935 1885
1885 1936 1886
1886 1937 1887
1889 1838 1888
1890 1839 1889
1891 1840 1890
1892 1841 1891
1893 1842 1892
1894 1843 1893
1895 1844 1894
1896 1845 1895
1897 1846 1896
1898 1847 1897
1899 1848 1898
1900 1849 1899
1901 1850 1900
1902 1851 1901
1903 1852 1902
1904 1853 1903
1905 1854 1904
1906 1855 1905
1907 1856 1906
1908 1857 1907
1909 1858 1908
1910 1859 1909
1911 1860 1910
1912 1861 1911
1913 1862 1912
1914 1863 1913
1915 1864 1914
1916 1865 1915
1917 1866 1916
1918 1867 1917
1919 1868 1918
1920 1869 1919
1921 1870 1920
1922 1871 1921
1923 1872 1922
1924 1873 1923
1925 1874 1924
1926 1875 1925
1927 1876 1926
1928 1877 1927
1929 1878 1928
1930 1879 1929
1931 1880 1930
1932 1881 1931
1933 1882 1932
1934 1883 1933
1935 1884 1934
1936 1885 1935
1937 1886 1936
1938 1887 1937
1888 1939 1889
1889 1940 1890
1890 1941 1891
1891 1942 1892
1892 1943 1893
1893 1944 1894
1894 1945 1895
1895 1946 1896
1896 1947 1897
1897 1948 1898
1898 1949 1899
1899 1950 1900
1900 1951 1901
1901 1952 1902
1902 1953 1903
1903 1954 1904
1904 1955 1905
1905 1956 1906
1906 1957 1907
1907 1958 1908
1908 1959 1909
1909 1960 1910
1910 1961 1911
1911 1962 1912
1912 1963 1913
1913 1964 1914
1914 1965 1915
1915 1966 1916
1916 1967 1917
1917 1968 1918
1918 1969 1919
1919 1970 1920
1920 1971 1921
1921 1972 1922
1922 1973 1923
1923 1974 1924
1924 1975 1925
1925 1976 1926
1926 1977 1927
1927 1978 1928
1928 1979 1929
1929 1980 1930
1930 1981 1931
1931 1982 1932
1932 1983 1933
1933 1984 1934
1934 1985 1935
1935 1986 1936
1936 1987 1937
1937 1988 1938
1940 1889 1939
1941 1890 1940
1942 1891 1941
1943 1892 1942
1944 1893 1943
1945 1894 1944
1946 1895 1945
1947 1896 1946
1948 1897 1947
1949 1898 1948
1950 1899 1949
1951 1900 1950
1952 1901 1951
1953 1902 1952
1954 1903 1953
1955 1904 1954
1956 1905 1955
1957 1906 1956
1958 1907 1957
1959 1908 1958
1960 1909 1959
1961 1910 1960
1962 1911 1961
1963 1912 1962
1964 1913 1963
1965 1914 1964
1966 1915 1965
1967 1916 1966
1968 1917 1967
1969 1918 1968
1970 1919 1969
1971 1920 1970
1972 1921 1971
1973 1922 1972
1974 1923 1973
1975 1924 1974
1976 1925 1975
1977 1926 1976
1978 1927 1977
1979 1928 1978
1980 1929 1979
1981 1930 1980
1982 1931 1981
1983 1932 1982
1984 1933 1983
1985 1934 1984
1986 1935 1985
1987 1936 1986
1988 1937 1987
1989 1938 1988
1939 1990 1940
1940 1991 1941
1941 1992 1942
1942 1993 1943
1943 1994 1944
1944 1995 1945
1945 1996 1946
1946 1997 1947
1947 1998 1948
1948 1999 1949
1949 2000 1950
1950 2001 1951
1951 2002 1952
1952 2003 1953
1953 2004 1954
1954 2005 1955
1955 2006 1956
1956 2007 1957
1957 2008 1958
1958 2009 1959
1959 2010 1960
1960 2011 1961
1961 2012 1962
1962 2013 1963
1963 2014 1964
1964 2015 1965
1965 2016 1966
1966 2017 1967
1967 2018 1968
1968 2019 1969
1969 2020 1970
1970 2021 1971
1971 2022 1972
1972 2023 1973
1973 2024 1974
1974 2025 1975
1975 2026 1976
1976 2027 1977
1977 2028 1978
1978 2029 1979
1979 2030 1980
1980 2031 1981
1981 2032 1982
1982 2033 1983
1983 2034 1984
1984 2035 1985
1985 2036 1986
1986 2037 1987
1987 2038 1988
1988 2039 1989
1991 1940 1990
1992 1941 1991
1993 1942 1992
1994 1943 1993
1995 1944 1994
1996 1945 1995
1997 1946 1996
1998 1947 1997
1999 1948 1998
2000 1949 1999
2001 1950 2000
2002 1951 2001
2003 1952 2002
2004 1953 2003
2005 1954 2004
2006 1955 2005
2007 1956 2006
2008 1957 2007
2009 1958 2008
2010 1959 2009
2011 1960 2010
2012 1961 2011
2013 1962 2012
2014 1963 2013
2015 1964 2014
2016 1965 2015
2017 1966 2016
2018 1967 2017
2019 1968 2018
2020 1969 2019
2021 1970 2020
2022 1971 2021
2023 1972 2022
2024 1973 2023
2025 1974 2024
2026 1975 2025
2027 1976 2026
2028 1977 2027
2029 1978 2028
2030 1979 2029
2031 1980 2030
2032 1981 2031
2033 1982 2032
2034 1983 2033
2035 1984 2034
2036 1985 2035
2037 1986 2036
2038 1987 2037
2039 1988 2038
2040 1989 2039
1990 2041 1991
1991 2042 1992
1992 2043 1993
1993 2044 1994
1994 2045 1995
1995 2046 1996
1996 2047 1997
1997 2048 1998
1998 2049 1999
1999 2050 2000
2000 2051 2001
2001 2052 2002
2002 2053 2003
2003 2054 2004
2004 2055 2005
2005 2056 2006
2006 2057 2007
2007 2058 2008
2008 2059 2009
2009 2060 2010
2010 2061 2011
2011 2062 2012
2012 2063 2013
2013 2064 2014
2014 2065 2015
2015 2066 2016
2016 2067 2017
2017 2068 2018
2018 2069 2019
2019 2070 2020
2020 2071 2021
2021 2072 2022
2022 2073 2023
2023 2074 2024
2024 2075 2025
2025 2076 2026
2026 2077 2027
2027 2078 2028
2028 2079 2029
2029 2080 2030
2030 2081 2031
2031 2082 2032
2032 2083 2033
2033 2084 2034
2034 2085 2035
2035 2086 2036
2036 2087 2037
2037 2088 2038
2038 2089 2039
2039 2090 2040
2042 1991 2041
2043 1992 2042
2044 1993 2043
2045 1994 2044
2046 1995 2045
2047 1996 2046
2048 1997 2047
2049 1998 2048
2050 1999 2049
2051 2000 2050
2052 2001 2051
2053 2002 2052
2054 2003 2053
2055 2004 2054
2056 2005 2055
2057 2006 2056
2058 2007 2057
2059 2008 2058
2060 2009 2059
2061 2010 2060
2062 2011 2061
2063 2012 2062
2064 2013 2063
2065 2014 2064
2066 2015 2065
2067 2016 2066
2068 2017 2067
2069 2018 2068
2070 2019 2069
2071 2020 2070
2072 2021 2071
2073 2022 2072
2074 2023 2073
2075 2024 2074
2076 2025 2075
2077 2026 2076
2078 2027 2077
2079 2028 2078
2080 2029 2079
2081 2030 2080
2082 2031 2081
2083 2032 2082
2084 2033 2083
2085 2034 2084
2086 2035 2085
2087 2036 2086
2088 2037 2087
2089 2038 2088
2090 2039 2089
2091 2040 2090
2041 2092 2042
2042 2093 2043
2043 2094 2044
2044 2095 2045
2045 2096 2046
2046 2097 2047
2047 2098 2048
2048 2099 2049
2049 2100 2050
2050 2101 2051
2051 2102 2052
2052 2103 2053
2053 2104 2054
2054 2105 2055
2055 2106 2056
2056 2107 2057
2057 2108 2058
2058 2109 2059
2059 2110 2060
2060 2111 2061
2061 2112 2062
2062 2113 2063
2063 2114 2064
2064 2115 2065
2065 2116 2066
2066 2117 2067
2067 2118 2068
2068 2119 2069
2069 2120 2070
2070 2121 2071
2071 2122 2072
2072 2123 2073
2073 2124 2074
2074 2125 2075
2075 2126 2076
2076 2127 2077
2077 2128 2078
2078 2129 2079
2079 2130 2080
2080 2131 2081
2081 2132 2082
2082 2133 2083
2083 2134 2084
2084 2135 2085
2085 2136 2086
2086 2137 2087
2087 2138 2088
2088 2139 2089
2089 2140 2090
2090 2141 2091
2093 2042 2092
2094 2043 2093
2095 2044 2094
2096 2045 2095
2097 2046 2096
2098 2047 2097
2099 2048 2098
2100 2049 2099
2101 2050 2100
2102 2051 2101
2103 2052 2102
2104 2053 2103
2105 2054 2104
2106 2055 2105
2107 2056 2106
2108 2057 2107
2109 2058 2108
2110 2059 2109
2111 2060 2110
2112 2061 2111
2113 2062 2112
2114 2063 2113
2115 2064 2114
2116 2065 2115
2117 2066 2116
2118 2067 2117
2119 2068 2118
2120 2069 2119
2121 2070 2120
2122 2071 2121
2123 2072 2122
2124 2073 2123
2125 2074 2124
2126 2075 2125
2127 2076 2126
2128 2077 2127
2129 2078 2128
2130 2079 2129
2131 2080 2130
2132 2081 2131
2133 2082 2132
2134 2083 2133
2135 2084 2134
2136 2085 2135
2137 2086 2136
2138 2087 2137
2139 2088 2138
2140 2089 2139
2141 2090 2140
2142 2091 2141
2092 2143 2093
2093 2144 2094
2094 2145 2095
2095 2146 2096
2096 2147 2097
2097 2148 2098
2098 2149 2099
2099 2150 2100
2100 2151 2101
2101 2152 2102
2102 2153 2103
2103 2154 2104
2104 2155 2105
2105 2156 2106
2106 2157 2107
2107 2158 2108
2108 2159 2109
2109 2160 2110
2110 2161 2111
2111 2162 2112
2112 2163 2113
2113 2164 2114
2114 2165 2115
2115 2166 2116
2116 2167 2117
2117 2168 2118
2118 2169 2119
2119 2170 2120
2120 2171 2121
2121 2172 2122
2122 2173 2123
2123 2174 2124
2124 2175 2125
2125 2176 2126
2126 2177 2127
2127 2178 2128
2128 2179 2129
2129 2180 2130
2130 2181 2131
2131 2182 2132
2132 2183 2133
2133 2184 2134
2134 2185 2135
2135 2186 2136
2136 2187 2137
2137 2188 2138
2138 2189 2139
2139 2190 2140
2140 2191 2141
2141 2192 2142
2144 2093 2143
2145 2094 2144
2146 2095 2145
2147 2096 2146
2148 2097 2147
2149 2098 2148
2150 2099 2149
2151 2100 2150
2152 2101 2151
2153 2102 2152
2154 2103 2153
2155 2104 2154
2156 2105 2155
2157 2106 2156
2158 2107 2157
2159 2108 2158
2160 2109 2159
2161 2110 2160
2162 2111 2161
2163 2112 2162
2164 2113 2163
2165 2114 2164
2166 2115 2165
2167 2116 2166
2168 2117 2167
2169 2118 2168
2170 2119 2169
2171 2120 2170
2172 2121 2171
2173 2122 2172
2174 2123 2173
2175 2124 2174
2176 2125 2175
2177 2126 2176
2178 2127 2177
2179 2128 2178
2180 2129 2179
2181 2130 2180
2182 2131 2181
2183 2132 2182
2184 2133 2183
2185 2134 2184
2186 2135 2185
2187 2136 2186
2188 2137 2187
2189 2138 2188
2190 2139 2189
2191 2140 2190
2192 2141 2191
2193 2142 2192
2143 2194 2144
2144 2195 2145
2145 2196 2146
2146 2197 2147
2147 2198 2148
2148 2199 2149
2149 2200 2150
2150 2201 2151
2151 2202 2152
2152 2203 2153
2153 2204 2154
2154 2205 2155
2155 2206 2156
2156 2207 2157
2157 2208 2158
2158 2209 2159
2159 2210 2160
2160 2211 2161
2161 2212 2162
2162 2213 2163
2163 2214 2164
2164 2215 2165
2165 2216 2166
2166 2217 2167
2167 2218 2168
2168 2219 2169
2169 2220 2170
2170 2221 2171
2171 2222 2172
2172 2223 2173
2173 2224 2174
2174 2225 2175
2175 2226 2176
2176 2227 2177
2177 2228 2178
2178 2229 2179
2179 2230 2180
2180 2231 2181
2181 2232 2182
2182 2233 2183
2183 2234 2184
2184 2235 2185
2185 2236 2186
2186 2237 2187
2187 2238 2188
2188 2239 2189
2189 2240 2190
2190 2241 2191
2191 2242 2192
2192 2243 2193
2195 2144 2194
2196 2145 2195
2197 2146 2196
2198 2147 2197
2199 2148 2198
2200 2149 2199
2201 2150 2200
2202 2151 2201
2203 2152 2202
2204 2153 2203
2205 2154 2204
2206 2155 2205
2207 2156 2206
2208 2157 2207
2209 2158 2208
2210 2159 2209
2211 2160 2210
2212 2161 2211
2213 2162 2212
2214 2163 2213
2215 2164 2214
2216 2165 2215
2217 2166 2216
2218 2167 2217
2219 2168 2218
2220 2169 2219
2221 2170 2220
2222 2171 2221
2223 2172 2222
2224 2173 2223
2225 2174 2224
2226 2175 2225
2227 2176 2226
2228 2177 2227
2229 2178 2228
2230 2179 2229
2231 2180 2230
2232 2181 2231
2233 2182 2232
2234 2183 2233
2235 2184 2234
2236 2185 2235
2237 2186 2236
2238 2187 2237
2239 2188 2238
2240 2189 2239
2241 2190 2240
2242 2191 2241
2243 2192 2242
2244 2193 2243
2194 2245 2195
2195 2246 2196
2196 2247 2197
2197 2248 2198
2198 2249 2199
2199 2250 2200
2200 2251 2201
2201 2252 2202
2202 2253 2203
2203 2254 2204
2204 2255 2205
2205 2256 2206
2206 2257 2207
2207 2258 2208
2208 2259 2209
2209 2260 2210
2210 2261 2211
2211 2262 2212
2212 2263 2213
2213 2264 2214
2214 2265 2215
2215 2266 2216
2216 2267 2217
2217 2268 2218
2218 2269 2219
2219 2270 2220
2220 2271 2221
2221 2272 2222
2222 2273 2223
2223 2274 2224
2224 2275 2225
2225 2276 2226
2226 2277 2227
2227 2278 2228
2228 2279 2229
2229 2280 2230
2230 2281 2231
2231 2282 2232
2232 2283 2233
2233 2284 2234
2234 2285 2235
2235 2286 2236
2236 2287 2237
2237 2288 2238
2238 2289 2239
2239 2290 2240
2240 2291 2241
2241 2292 2242
2242 2293 2243
2243 2294 2244
2246 2195 2245
2247 2196 2246
2248 2197 2247
2249 2198 2248
2250 2199 2249
2251 2200 2250
2252 2201 2251
2253 2202 2252
2254 2203 2253
2255 2204 2254
2256 2205 2255
2257 2206 2256
2258 2207 2257
2259 2208 2258
2260 2209 2259
2261 2210 2260
2262 2211 2261
2263 2212 2262
2264 2213 2263
2265 2214 2264
2266 2215 2265
2267 2216 2266
2268 2217 2267
2269 2218 2268
2270 2219 2269
2271 2220 2270
2272 2221 2271
2273 2222 2272
2274 2223 2273
2275 2224 2274
2276 2225 2275
2277 2226 2276
2278 2227 2277
2279 2228 2278
2280 2229 2279
2281 2230 2280
2282 2231 2281
2283 2232 2282
2284 2233 2283
2285 2234 2284
2286 2235 2285
2287 2236 2286
2288 2237 2287
2289 2238 2288
2290 2239 2289
2291 2240 2290
2292 2241 2291
2293 2242 2292
2294 2243 2293
2295 2244 2294
2245 2296 2246
2246 2297 2247
2247 2298 2248
2248 2299 2249
2249 2300 2250
2250 2301 2251
2251 2302 2252
2252 2303 2253
2253 2304 2254
2254 2305 2255
2255 2306 2256
2256 2307 2257
2257 2308 2258
2258 2309 2259
2259 2310 2260
2260 2311 2261
2261 2312 2262
2262 2313 2263
2263 2314 2264
2264 2315 2265
2265 2316 2266
2266 2317 2267
2267 2318 2268
2268 2319 2269
2269 2320 2270
2270 2321 2271
2271 2322 2272
2272 2323 2273
2273 2324 2274
2274 2325 2275
2275 2326 2276
2276 2327 2277
2277 2328 2278
2278 2329 2279
2279 2330 2280
2280 2331 2281
2281 2332 2282
2282 2333 2283
2283 2334 2284
2284 2335 2285
2285 2336 2286
2286 2337 2287
2287 2338 2288
2288 2339 2289
2289 2340 2290
2290 2341 2291
2291 2342 2292
2292 2343 2293
2293 2344 2294
2294 2345 2295
2297 2246 2296
2298 2247 2297
2299 2248 2298
2300 2249 2299
2301 2250 2300
2302 2251 2301
2303 2252 2302
2304 2253 2303
2305 2254 2304
2306 2255 2305
2307 2256 2306
2308 2257 2307
2309 2258 2308
2310 2259 2309
2311 2260 2310
2312 2261 2311
2313 2262 2312
2314 2263 2313
2315 2264 2314
2316 2265 2315
2317 2266 2316
2318 2267 2317
2319 2268 2318
2320 2269 2319
2321 2270 2320
2322 2271 2321
2323 2272 2322
2324 2273 2323
2325 2274 2324
2326 2275 2325
2327 2276 2326
2328 2277 2327
2329 2278 2328
2330 2279 2329
2331 2280 2330
2332 2281 2331
2333 2282 2332
2334 2283 2333
2335 2284 2334
2336 2285 2335
2337 2286 2336
2338 2287 2337
2339 2288 2338
2340 2289 2339
2341 2290 2340
2342 2291 2341
2343 2292 2342
2344 2293 2343
2345 2294 2344
2346 2295 2345
2296 2347 2297
2297 2348 2298
2298 2349 2299
2299 2350 2300
2300 2351 2301
2301 2352 2302
2302 2353 2303
2303 2354 2304
2304 2355 2305
2305 2356 2306
2306 2357 2307
2307 2358 2308
2308 2359 2309
2309 2360 2310
2310 2361 2311
2311 2362 2312
2312 2363 2313
2313 2364 2314
2314 2365 2315
2315 2366 2316
2316 2367 2317
2317 2368 2318
2318 2369 2319
2319 2370 2320
2320 2371 2321
2321 2372 2322
2322 2373 2323
2323 2374 2324
2324 2375 2325
2325 2376 2326
2326 2377 2327
2327 2378 2328
2328 2379 2329
2329 2380 2330
2330 2381 2331
2331 2382 2332
2332 2383 2333
2333 2384 2334
2334 2385 2335
2335 2386 2336
2336 2387 2337
2337 2388 2338
2338 2389 2339
2339 2390 2340
2340 2391 2341
2341 2392 2342
2342 2393 2343
2343 2394 2344
2344 2395 2345
2345 2396 2346
2348 2297 2347
2349 2298 2348
2350 2299 2349
2351 2300 2350
2352 2301 2351
2353 2302 2352
2354 2303 2353
2355 2304 2354
2356 2305 2355
2357 2306 2356
2358 2307 2357
2359 2308 2358
2360 2309 2359
2361 2310 2360
2362 2311 2361
2363 2312 2362
2364 2313 2363
2365 2314 2364
2366 2315 2365
2367 2316 2366
2368 2317 2367
2369 2318 2368
2370 2319 2369
2371 2320 2370
2372 2321 2371
2373 2322 2372
2374 2323 2373
2375 2324 2374
2376 2325 2375
2377 2326 2376
2378 2327 2377
2379 2328 2378
2380 2329 2379
2381 2330 2380
2382 2331 2381
2383 2332 2382
2384 2333 2383
2385 2334 2384
2386 2335 2385
2387 2336 2386
2388 2337 2387
2389 2338 2388
2390 2339 2389
2391 2340 2390
2392 2341 2391
2393 2342 2392
2394 2343 2393
2395 2344 2394
2396 2345 2395
2397 2346 2396
2347 2398 2348
2348 2399 2349
2349 2400 2350
2350 2401 2351
2351 2402 2352
2352 2403 2353
2353 2404 2354
2354 2405 2355
2355 2406 2356
2356 2407 2357
2357 2408 2358
2358 2409 2359
2359 2410 2360
2360 2411 2361
2361 2412 2362
2362 2413 2363
2363 2414 2364
2364 2415 2365
2365 2416 2366
2366 2417 2367
2367 2418 2368
2368 2419 2369
2369 2420 2370
2370 2421 2371
2371 2422 2372
2372 2423 2373
2373 2424 2374
2374 2425 2375
2375 2426 2376
2376 2427 2377
2377 2428 2378
2378 2429 2379
2379 2430 2380
2380 2431 2381
2381 2432 2382
2382 2433 2383
2383 2434 2384
2384 2435 2385
2385 2436 2386
2386 2437 2387
2387 2438 2388
2388 2439 2389
2389 2440 2390
2390 2441 2391
2391 2442 2392
2392 2443 2393
2393 2444 2394
2394 2445 2395
2395 2446 2396
2396 2447 2397
2399 2348 2398
2400 2349 2399
2401 2350 2400
2402 2351 2401
2403 2352 2402
2404 2353 2403
2405 2354 2404
2406 2355 2405
2407 2356 2406
2408 2357 2407
2409 2358 2408
2410 2359 2409
2411 2360 2410
2412 2361 2411
2413 2362 2412
2414 2363 2413
2415 2364 2414
2416 2365 2415
2417 2366 2416
2418 2367 2417
2419 2368 2418
2420 2369 2419
2421 2370 2420
2422 2371 2421
2423 2372 2422
2424 2373 2423
2425 2374 2424
2426 2375 2425
2427 2376 2426
2428 2377 2427
2429 2378 2428
2430 2379 2429
2431 2380 2430
2432 2381 2431
2433 2382 2432
2434 2383 2433
2435 2384 2434
2436 2385 2435
2437 2386 2436
2438 2387 2437
2439 2388 2438
2440 2389 2439
2441 2390 2440
2442 2391 2441
2443 2392 2442
2444 2393 2443
2445 2394 2444
2446 2395 2445
2447 2396 2446
2448 2397 2447
2398 2449 2399
2399 2450 2400
2400 2451 2401
2401 2452 2402
2402 2453 2403
2403 2454 2404
2404 2455 2405
2405 2456 2406
2406 2457 2407
2407 2458 2408
2408 2459 2409
2409 2460 2410
2410 2461 2411
2411 2462 2412
2412 2463 2413
2413 2464 2414
2414 2465 2415
2415 2466 2416
2416 2467 2417
2417 2468 2418
2418 2469 2419
2419 2470 2420
2420 2471 2421
2421 2472 2422
2422 2473 2423
2423 2474 2424
2424 2475 2425
2425 2476 2426
2426 2477 2427
2427 2478 2428
2428 2479 2429
2429 2480 2430
2430 2481 2431
2431 2482 2432
2432 2483 2433
2433 2484 2434
2434 2485 2435
2435 2486 2436
2436 2487 2437
2437 2488 2438
2438 2489 2439
2439 2490 2440
2440 2491 2441
2441 2492 2442
2442 2493 2443
2443 2494 2444
2444 2495 2445
2445 2496 2446
2446 2497 2447
2447 2498 2448
2450 2399 2449
2451 2400 2450
2452 2401 2451
2453 2402 2452
2454 2403 2453
2455 2404 2454
2456 2405 2455
2457 2406 2456
2458 2407 2457
2459 2408 2458
2460 2409 2459
2461 2410 2460
2462 2411 2461
2463 2412 2462
2464 2413 2463
2465 2414 2464
2466 2415 2465
2467 2416 2466
2468 2417 2467
2469 2418 2468
2470 2419 2469
2471 2420 2470
2472 2421 2471
2473 2422 2472
2474 2423 2473
2475 2424 2474
2476 2425 2475
2477 2426 2476
2478 2427 2477
2479 2428 2478
2480 2429 2479
2481 2430 2480
2482 2431 2481
2483 2432 2482
2484 2433 2483
2485 2434 2484
2486 2435 2485
2487 2436 2486
2488 2437 2487
2489 2438 2488
2490 2439 2489
2491 2440 2490
2492 2441 2491
2493 2442 2492
2494 2443 2493
2495 2444 2494
2496 2445 2495
2497 2446 2496
2498 2447 2497
2499 2448 2498
2449 2500 2450
2450 2501 2451
2451 2502 2452
2452 2503 2453
2453 2504 2454
2454 2505 2455
2455 2506 2456
2456 2507 2457
2457 2508 2458
2458 2509 2459
2459 2510 2460
2460 2511 2461
2461 2512 2462
2462 2513 2463
2463 2514 2464
2464 2515 2465
2465 2516 2466
2466 2517 2467
2467 2518 2468
2468 2519 2469
2469 2520 2470
2470 2521 2471
2471 2522 2472
2472 2523 2473
2473 2524 2474
2474 2525 2475
2475 2526 2476
2476 2527 2477
2477 2528 2478
2478 2529 2479
2479 2530 2480
2480 2531 2481
2481 2532 2482
2482 2533 2483
2483 2534 2484
2484 2535 2485
2485 2536 2486
2486 2537 2487
2487 2538 2488
2488 2539 2489
2489 2540 2490
2490 2541 2491
2491 2542 2492
2492 2543 2493
2493 2544 2494
2494 2545 2495
2495 2546 2496
2496 2547 2497
2497 2548 2498
2498 2549 2499
2501 2450 2500
2502 2451 2501
2503 2452 2502
2504 2453 2503
2505 2454 2504
2506 2455 2505
2507 2456 2506
2508 2457 2507
2509 2458 2508
2510 2459 2509
2511 2460 2510
2512 2461 2511
2513 2462 2512
2514 2463 2513
2515 2464 2514
2516 2465 2515
2517 2466 2516
2518 2467 2517
2519 2468 2518
2520 2469 2519
2521 2470 2520
2522 2471 2521
2523 2472 2522
2524 2473 2523
2525 2474 2524
2526 2475 2525
2527 2476 2526
2528 2477 2527
2529 2478 2528
2530 2479 2529
2531 2480 2530
2532 2481 2531
2533 2482 2532
2534 2483 2533
2535 2484 2534
2536 2485 2535
2537 2486 2536
2538 2487 2537
2539 2488 2538
2540 2489 2539
2541 2490 2540
2542 2491 2541
2543 2492 2542
2544 2493 2543
2545 2494 2544
2546 2495 2545
2547 2496 2546
2548 2497 2547
2549 2498 2548
2550 2499 2549
2500 2551 2501
2501 2552 2502
2502 2553 2503
2503 2554 2504
2504 2555 2505
2505 2556 2506
2506 2557 2507
2507 2558 2508
2508 2559 2509
2509 2560 2510
2510 2561 2511
2511 2562 2512
2512 2563 2513
2513 2564 2514
2514 2565 2515
2515 2566 2516
2516 2567 2517
2517 2568 2518
2518 2569 2519
2519 2570 2520
2520 2571 2521
2521 2572 2522
2522 2573 2523
2523 2574 2524
2524 2575 2525
2525 2576 2526
2526 2577 2527
2527 2578 2528
2528 2579 2529
2529 2580 2530
2530 2581 2531
2531 2582 2532
2532 2583 2533
2533 2584 2534
2534 2585 2535
2535 2586 2536
2536 2587 2537
2537 2588 2538
2538 2589 2539
2539 2590 2540
2540 2591 2541
2541 2592 2542
2542 2593 2543
2543 2594 2544
2544 2595 2545
2545 2596 2546
2546 2597 2547
2547 2598 2548
2548 2599 2549
2549 2600 2550
2552 2501 2551
2553 2502 2552
2554 2503 2553
2555 2504 2554
2556 2505 2555
2557 2506 2556
2558 2507 2557
2559 2508 2558
2560 2509 2559
2561 2510 2560
2562 2511 2561
2563 2512 2562
2564 2513 2563
2565 2514 2564
2566 2515 2565
2567 2516 2566
2568 2517 2567
2569 2518 2568
2570 2519 2569
2571 2520 2570
2572 2521 2571
2573 2522 2572
2574 2523 2573
2575 2524 2574
2576 2525 2575
2577 2526 2576
2578 2527 2577
2579 2528 2578
2580 2529 2579
2581 2530 2580
2582 2531 2581
2583 2532 2582
2584 2533 2583
2585 2534 2584
2586 2535 2585
2587 2536 2586
2588 2537 2587
2589 2538 2588
2590 2539 2589
2591 2540 2590
2592 2541 2591
2593 2542 2592
2594 2543 2593
2595 2544 2594
2596 2545 2595
2597 2546 2596
2598 2547 2597
2599 2548 2598
2600 2549 2599
2601 2550 2600
